# mlight/meV nloc/cm-3 sensitivity
4.000000000000001421e+01 1.000000000000000000e+01 0.000000000000000000e+00
4.574119344331683124e+01 1.000000000000000000e+01 0.000000000000000000e+00
5.230641944047322767e+01 1.000000000000000000e+01 0.000000000000000000e+00
5.981395124884883785e+01 1.000000000000000000e+01 0.000000000000000000e+00
6.839903786706790356e+01 1.000000000000000000e+01 0.000000000000000000e+00
7.821634056035759386e+01 1.000000000000000000e+01 0.000000000000000000e+00
8.944271909999160641e+01 1.000000000000000000e+01 5.986108386000684595e-02
1.022804179112240490e+02 1.000000000000000000e+01 2.089475580639670038e-01
1.169607095285146983e+02 1.000000000000000000e+01 3.688481221585998560e-01
1.337480609952844191e+02 1.000000000000000000e+01 4.631133814107871727e-01
1.529448982663459731e+02 1.000000000000000000e+01 5.008964092301403381e-01
1.748970544442334756e+02 1.000000000000000000e+01 4.829779211856181087e-01
2.000000000000000284e+02 1.000000000000000000e+01 4.388000217533632452e-01
2.287059672165840141e+02 1.000000000000000000e+01 4.671883639893606999e-01
2.615320972023659465e+02 1.000000000000000000e+01 5.019018351470090344e-01
2.990697562442441608e+02 1.000000000000000000e+01 4.498528993302442491e-01
3.419951893353393189e+02 1.000000000000000000e+01 4.848082064364641619e-01
3.910817028017877419e+02 1.000000000000000000e+01 4.727096413126378738e-01
4.472135954999579894e+02 1.000000000000000000e+01 4.921414940321902076e-01
5.114020895561201883e+02 1.000000000000000000e+01 4.500543146109987069e-01
5.848035476425728802e+02 1.000000000000000000e+01 4.972175959550740321e-01
6.687403049764220668e+02 1.000000000000000000e+01 5.116060364991207310e-01
7.647244913317297232e+02 1.000000000000000000e+01 5.053192850967271887e-01
8.744852722211672926e+02 1.000000000000000000e+01 5.120725785650005468e-01
1.000000000000000000e+03 1.000000000000000000e+01 4.994120280501037068e-01
4.000000000000001421e+01 1.211527658628588178e+01 0.000000000000000000e+00
4.574119344331683124e+01 1.211527658628588178e+01 0.000000000000000000e+00
5.230641944047322767e+01 1.211527658628588178e+01 0.000000000000000000e+00
5.981395124884883785e+01 1.211527658628588178e+01 0.000000000000000000e+00
6.839903786706790356e+01 1.211527658628588178e+01 0.000000000000000000e+00
7.821634056035759386e+01 1.211527658628588178e+01 0.000000000000000000e+00
8.944271909999160641e+01 1.211527658628588178e+01 8.894164338221099975e-02
1.022804179112240490e+02 1.211527658628588178e+01 2.493805807073935787e-01
1.169607095285146983e+02 1.211527658628588178e+01 4.416109042505455551e-01
1.337480609952844191e+02 1.211527658628588178e+01 5.523283537784885455e-01
1.529448982663459731e+02 1.211527658628588178e+01 6.005471103882407125e-01
1.748970544442334756e+02 1.211527658628588178e+01 5.767863214952706485e-01
2.000000000000000284e+02 1.211527658628588178e+01 5.262920249184430688e-01
2.287059672165840141e+02 1.211527658628588178e+01 5.615500617882546175e-01
2.615320972023659465e+02 1.211527658628588178e+01 5.993251258059965059e-01
2.990697562442441608e+02 1.211527658628588178e+01 5.390597066194526832e-01
3.419951893353393189e+02 1.211527658628588178e+01 5.809895836111436118e-01
3.910817028017877419e+02 1.211527658628588178e+01 5.632536762977612410e-01
4.472135954999579894e+02 1.211527658628588178e+01 5.880644282393147071e-01
5.114020895561201883e+02 1.211527658628588178e+01 5.384425334703467625e-01
5.848035476425728802e+02 1.211527658628588178e+01 5.955140050651742678e-01
6.687403049764220668e+02 1.211527658628588178e+01 6.090863550836030926e-01
7.647244913317297232e+02 1.211527658628588178e+01 6.037647271634445367e-01
8.744852722211672926e+02 1.211527658628588178e+01 6.122020499937508298e-01
1.000000000000000000e+03 1.211527658628588178e+01 5.976892192592077047e-01
4.000000000000001421e+01 1.467799267622069870e+01 0.000000000000000000e+00
4.574119344331683124e+01 1.467799267622069870e+01 0.000000000000000000e+00
5.230641944047322767e+01 1.467799267622069870e+01 0.000000000000000000e+00
5.981395124884883785e+01 1.467799267622069870e+01 0.000000000000000000e+00
6.839903786706790356e+01 1.467799267622069870e+01 0.000000000000000000e+00
7.821634056035759386e+01 1.467799267622069870e+01 0.000000000000000000e+00
8.944271909999160641e+01 1.467799267622069870e+01 1.257246093300627421e-01
1.022804179112240490e+02 1.467799267622069870e+01 3.045995750541173330e-01
1.169607095285146983e+02 1.467799267622069870e+01 5.287589583454768150e-01
1.337480609952844191e+02 1.467799267622069870e+01 6.592626707598753244e-01
1.529448982663459731e+02 1.467799267622069870e+01 7.141274126242076470e-01
1.748970544442334756e+02 1.467799267622069870e+01 6.897173807587818617e-01
2.000000000000000284e+02 1.467799267622069870e+01 6.318322755402704383e-01
2.287059672165840141e+02 1.467799267622069870e+01 6.662726125244338160e-01
2.615320972023659465e+02 1.467799267622069870e+01 7.152344059702198109e-01
2.990697562442441608e+02 1.467799267622069870e+01 6.432986662323233462e-01
3.419951893353393189e+02 1.467799267622069870e+01 6.922316206819388862e-01
3.910817028017877419e+02 1.467799267622069870e+01 6.736324763496347456e-01
4.472135954999579894e+02 1.467799267622069870e+01 7.012608570520689755e-01
5.114020895561201883e+02 1.467799267622069870e+01 6.420218172094159792e-01
5.848035476425728802e+02 1.467799267622069870e+01 7.088487763238209283e-01
6.687403049764220668e+02 1.467799267622069870e+01 7.274830084113708129e-01
7.647244913317297232e+02 1.467799267622069870e+01 7.206988766365927113e-01
8.744852722211672926e+02 1.467799267622069870e+01 7.295089344339953374e-01
1.000000000000000000e+03 1.467799267622069870e+01 7.131600313160645355e-01
4.000000000000001421e+01 1.778279410038922848e+01 0.000000000000000000e+00
4.574119344331683124e+01 1.778279410038922848e+01 0.000000000000000000e+00
5.230641944047322767e+01 1.778279410038922848e+01 0.000000000000000000e+00
5.981395124884883785e+01 1.778279410038922848e+01 0.000000000000000000e+00
6.839903786706790356e+01 1.778279410038922848e+01 0.000000000000000000e+00
7.821634056035759386e+01 1.778279410038922848e+01 0.000000000000000000e+00
8.944271909999160641e+01 1.778279410038922848e+01 1.476444902983980734e-01
1.022804179112240490e+02 1.778279410038922848e+01 3.695130698614789710e-01
1.169607095285146983e+02 1.778279410038922848e+01 6.308013113292912921e-01
1.337480609952844191e+02 1.778279410038922848e+01 7.843887418815650436e-01
1.529448982663459731e+02 1.778279410038922848e+01 8.488691304926684333e-01
1.748970544442334756e+02 1.778279410038922848e+01 8.197117222232582767e-01
2.000000000000000284e+02 1.778279410038922848e+01 7.548791545875016551e-01
2.287059672165840141e+02 1.778279410038922848e+01 7.953558054455823756e-01
2.615320972023659465e+02 1.778279410038922848e+01 8.493412424456839860e-01
2.990697562442441608e+02 1.778279410038922848e+01 7.672839511089283304e-01
3.419951893353393189e+02 1.778279410038922848e+01 8.252916278931802241e-01
3.910817028017877419e+02 1.778279410038922848e+01 8.003410830875971049e-01
4.472135954999579894e+02 1.778279410038922848e+01 8.344577849475783848e-01
5.114020895561201883e+02 1.778279410038922848e+01 7.664267339513607391e-01
5.848035476425728802e+02 1.778279410038922848e+01 8.446210643648190963e-01
6.687403049764220668e+02 1.778279410038922848e+01 8.637826483249375631e-01
7.647244913317297232e+02 1.778279410038922848e+01 8.571973700157704545e-01
8.744852722211672926e+02 1.778279410038922848e+01 8.673722971830345463e-01
1.000000000000000000e+03 1.778279410038922848e+01 8.494936235548580239e-01
4.000000000000001421e+01 2.154434690031883193e+01 0.000000000000000000e+00
4.574119344331683124e+01 2.154434690031883193e+01 0.000000000000000000e+00
5.230641944047322767e+01 2.154434690031883193e+01 0.000000000000000000e+00
5.981395124884883785e+01 2.154434690031883193e+01 0.000000000000000000e+00
6.839903786706790356e+01 2.154434690031883193e+01 0.000000000000000000e+00
7.821634056035759386e+01 2.154434690031883193e+01 0.000000000000000000e+00
8.944271909999160641e+01 2.154434690031883193e+01 1.775773853128782553e-01
1.022804179112240490e+02 2.154434690031883193e+01 4.478865170294614173e-01
1.169607095285146983e+02 2.154434690031883193e+01 7.527483905944247766e-01
1.337480609952844191e+02 2.154434690031883193e+01 9.297686707107372106e-01
1.529448982663459731e+02 2.154434690031883193e+01 1.005715289738578599e+00
1.748970544442334756e+02 2.154434690031883193e+01 9.738089839042394225e-01
2.000000000000000284e+02 2.154434690031883193e+01 8.991007357849746251e-01
2.287059672165840141e+02 2.154434690031883193e+01 9.436197547019699039e-01
2.615320972023659465e+02 2.154434690031883193e+01 1.007986876838601331e+00
2.990697562442441608e+02 2.154434690031883193e+01 9.133172754232816715e-01
3.419951893353393189e+02 2.154434690031883193e+01 9.800628850841325290e-01
3.910817028017877419e+02 2.154434690031883193e+01 9.517298418967945484e-01
4.472135954999579894e+02 2.154434690031883193e+01 9.902416272052361190e-01
5.114020895561201883e+02 2.154434690031883193e+01 9.133149346396864932e-01
5.848035476425728802e+02 2.154434690031883193e+01 1.000342594903339100e+00
6.687403049764220668e+02 2.154434690031883193e+01 1.023481466745717938e+00
7.647244913317297232e+02 2.154434690031883193e+01 1.017128469324783735e+00
8.744852722211672926e+02 2.154434690031883193e+01 1.028650369067940273e+00
1.000000000000000000e+03 2.154434690031883193e+01 1.007385546301616364e+00
4.000000000000001421e+01 2.610157215682535892e+01 0.000000000000000000e+00
4.574119344331683124e+01 2.610157215682535892e+01 0.000000000000000000e+00
5.230641944047322767e+01 2.610157215682535892e+01 0.000000000000000000e+00
5.981395124884883785e+01 2.610157215682535892e+01 0.000000000000000000e+00
6.839903786706790356e+01 2.610157215682535892e+01 0.000000000000000000e+00
7.821634056035759386e+01 2.610157215682535892e+01 2.449305116509871427e-02
8.944271909999160641e+01 2.610157215682535892e+01 2.180396139589693416e-01
1.022804179112240490e+02 2.610157215682535892e+01 5.387453128850315798e-01
1.169607095285146983e+02 2.610157215682535892e+01 8.953340693004724349e-01
1.337480609952844191e+02 2.610157215682535892e+01 1.099334243919914300e+00
1.529448982663459731e+02 2.610157215682535892e+01 1.187672750726713522e+00
1.748970544442334756e+02 2.610157215682535892e+01 1.152746427817356922e+00
2.000000000000000284e+02 2.610157215682535892e+01 1.066623605658435725e+00
2.287059672165840141e+02 2.610157215682535892e+01 1.116938875125030206e+00
2.615320972023659465e+02 2.610157215682535892e+01 1.191219906706972864e+00
2.990697562442441608e+02 2.610157215682535892e+01 1.082330676373660427e+00
3.419951893353393189e+02 2.610157215682535892e+01 1.158507012673364089e+00
3.910817028017877419e+02 2.610157215682535892e+01 1.127212085942523423e+00
4.472135954999579894e+02 2.610157215682535892e+01 1.171256012105927669e+00
5.114020895561201883e+02 2.610157215682535892e+01 1.084163619576452353e+00
5.848035476425728802e+02 2.610157215682535892e+01 1.183035545545810807e+00
6.687403049764220668e+02 2.610157215682535892e+01 1.211247010046004657e+00
7.647244913317297232e+02 2.610157215682535892e+01 1.202342038636415866e+00
8.744852722211672926e+02 2.610157215682535892e+01 1.216877152764839209e+00
1.000000000000000000e+03 2.610157215682535892e+01 1.192551683374458271e+00
4.000000000000001421e+01 3.162277660168379256e+01 0.000000000000000000e+00
4.574119344331683124e+01 3.162277660168379256e+01 0.000000000000000000e+00
5.230641944047322767e+01 3.162277660168379256e+01 0.000000000000000000e+00
5.981395124884883785e+01 3.162277660168379256e+01 0.000000000000000000e+00
6.839903786706790356e+01 3.162277660168379256e+01 0.000000000000000000e+00
7.821634056035759386e+01 3.162277660168379256e+01 9.409294973752041491e-02
8.944271909999160641e+01 3.162277660168379256e+01 2.688281536811705785e-01
1.022804179112240490e+02 3.162277660168379256e+01 6.486210286796606495e-01
1.169607095285146983e+02 3.162277660168379256e+01 1.062193533980378968e+00
1.337480609952844191e+02 3.162277660168379256e+01 1.297470014605054178e+00
1.529448982663459731e+02 3.162277660168379256e+01 1.399456522870278663e+00
1.748970544442334756e+02 3.162277660168379256e+01 1.359524590922007725e+00
2.000000000000000284e+02 3.162277660168379256e+01 1.263591443599168418e+00
2.287059672165840141e+02 3.162277660168379256e+01 1.319035726793415186e+00
2.615320972023659465e+02 3.162277660168379256e+01 1.403183599633016865e+00
2.990697562442441608e+02 3.162277660168379256e+01 1.280959002875168506e+00
3.419951893353393189e+02 3.162277660168379256e+01 1.367271617401925710e+00
3.910817028017877419e+02 3.162277660168379256e+01 1.330916580980399111e+00
4.472135954999579894e+02 3.162277660168379256e+01 1.381333576314099254e+00
5.114020895561201883e+02 3.162277660168379256e+01 1.284156449188138316e+00
5.848035476425728802e+02 3.162277660168379256e+01 1.395780572122257590e+00
6.687403049764220668e+02 3.162277660168379256e+01 1.427078955822996598e+00
7.647244913317297232e+02 3.162277660168379256e+01 1.419067712289353134e+00
8.744852722211672926e+02 3.162277660168379256e+01 1.434502029349505658e+00
1.000000000000000000e+03 3.162277660168379256e+01 1.408032843919226451e+00
4.000000000000001421e+01 3.831186849557287388e+01 0.000000000000000000e+00
4.574119344331683124e+01 3.831186849557287388e+01 0.000000000000000000e+00
5.230641944047322767e+01 3.831186849557287388e+01 0.000000000000000000e+00
5.981395124884883785e+01 3.831186849557287388e+01 0.000000000000000000e+00
6.839903786706790356e+01 3.831186849557287388e+01 0.000000000000000000e+00
7.821634056035759386e+01 3.831186849557287388e+01 1.087880166745958110e-01
8.944271909999160641e+01 3.831186849557287388e+01 3.276447309461865687e-01
1.022804179112240490e+02 3.831186849557287388e+01 7.783370283818059621e-01
1.169607095285146983e+02 3.831186849557287388e+01 1.256179096918297766e+00
1.337480609952844191e+02 3.831186849557287388e+01 1.525730907167522910e+00
1.529448982663459731e+02 3.831186849557287388e+01 1.642923774815743476e+00
1.748970544442334756e+02 3.831186849557287388e+01 1.597615161829820662e+00
2.000000000000000284e+02 3.831186849557287388e+01 1.490716868750621149e+00
2.287059672165840141e+02 3.831186849557287388e+01 1.553081478485589084e+00
2.615320972023659465e+02 3.831186849557287388e+01 1.645902543653012140e+00
2.990697562442441608e+02 3.831186849557287388e+01 1.510765959566030325e+00
3.419951893353393189e+02 3.831186849557287388e+01 1.607137181660605929e+00
3.910817028017877419e+02 3.831186849557287388e+01 1.567186091337073650e+00
4.472135954999579894e+02 3.831186849557287388e+01 1.623368143293579369e+00
5.114020895561201883e+02 3.831186849557287388e+01 1.515414740258161030e+00
5.848035476425728802e+02 3.831186849557287388e+01 1.639930711472233016e+00
6.687403049764220668e+02 3.831186849557287388e+01 1.676486622379874003e+00
7.647244913317297232e+02 3.831186849557287388e+01 1.667383639078390267e+00
8.744852722211672926e+02 3.831186849557287388e+01 1.685539326236645152e+00
1.000000000000000000e+03 3.831186849557287388e+01 1.656566189114286658e+00
4.000000000000001421e+01 4.641588833612777165e+01 0.000000000000000000e+00
4.574119344331683124e+01 4.641588833612777165e+01 0.000000000000000000e+00
5.230641944047322767e+01 4.641588833612777165e+01 0.000000000000000000e+00
5.981395124884883785e+01 4.641588833612777165e+01 0.000000000000000000e+00
6.839903786706790356e+01 4.641588833612777165e+01 2.599345614150228717e-02
7.821634056035759386e+01 4.641588833612777165e+01 1.405204972112140127e-01
8.944271909999160641e+01 4.641588833612777165e+01 3.949276326060335851e-01
1.022804179112240490e+02 4.641588833612777165e+01 9.309181564204790371e-01
1.169607095285146983e+02 4.641588833612777165e+01 1.480027743787407868e+00
1.337480609952844191e+02 4.641588833612777165e+01 1.787996873696903410e+00
1.529448982663459731e+02 4.641588833612777165e+01 1.921006761914556549e+00
1.748970544442334756e+02 4.641588833612777165e+01 1.873357874844023607e+00
2.000000000000000284e+02 4.641588833612777165e+01 1.754795059451171424e+00
2.287059672165840141e+02 4.641588833612777165e+01 1.823200832348978784e+00
2.615320972023659465e+02 4.641588833612777165e+01 1.926977086294969999e+00
2.990697562442441608e+02 4.641588833612777165e+01 1.777054321560370687e+00
3.419951893353393189e+02 4.641588833612777165e+01 1.884441797580373334e+00
3.910817028017877419e+02 4.641588833612777165e+01 1.839626720450859843e+00
4.472135954999579894e+02 4.641588833612777165e+01 1.902339389875595366e+00
5.114020895561201883e+02 4.641588833612777165e+01 1.784452030099895836e+00
5.848035476425728802e+02 4.641588833612777165e+01 1.922459348527651324e+00
6.687403049764220668e+02 4.641588833612777165e+01 1.963215246181019724e+00
7.647244913317297232e+02 4.641588833612777165e+01 1.953883229640848374e+00
8.744852722211672926e+02 4.641588833612777165e+01 1.975252290887826501e+00
1.000000000000000000e+03 4.641588833612777165e+01 1.943149743718410427e+00
4.000000000000001421e+01 5.623413251903490817e+01 0.000000000000000000e+00
4.574119344331683124e+01 5.623413251903490817e+01 0.000000000000000000e+00
5.230641944047322767e+01 5.623413251903490817e+01 0.000000000000000000e+00
5.981395124884883785e+01 5.623413251903490817e+01 0.000000000000000000e+00
6.839903786706790356e+01 5.623413251903490817e+01 6.093181229285878769e-02
7.821634056035759386e+01 5.623413251903490817e+01 1.859060812760221504e-01
8.944271909999160641e+01 5.623413251903490817e+01 4.780896867788963500e-01
1.022804179112240490e+02 5.623413251903490817e+01 1.110179459432381943e+00
1.169607095285146983e+02 5.623413251903490817e+01 1.739558299707737454e+00
1.337480609952844191e+02 5.623413251903490817e+01 2.089325116103882163e+00
1.529448982663459731e+02 5.623413251903490817e+01 2.240160834616806707e+00
1.748970544442334756e+02 5.623413251903490817e+01 2.187622153986928719e+00
2.000000000000000284e+02 5.623413251903490817e+01 2.057413947094183460e+00
2.287059672165840141e+02 5.623413251903490817e+01 2.133248922926950453e+00
2.615320972023659465e+02 5.623413251903490817e+01 2.247638282786937225e+00
2.990697562442441608e+02 5.623413251903490817e+01 2.082823702753794581e+00
3.419951893353393189e+02 5.623413251903490817e+01 2.202306469543477085e+00
3.910817028017877419e+02 5.623413251903490817e+01 2.152489416401432543e+00
4.472135954999579894e+02 5.623413251903490817e+01 2.223408067124000187e+00
5.114020895561201883e+02 5.623413251903490817e+01 2.093804593316693552e+00
5.848035476425728802e+02 5.623413251903490817e+01 2.246282635704547559e+00
6.687403049764220668e+02 5.623413251903490817e+01 2.292566046689966885e+00
7.647244913317297232e+02 5.623413251903490817e+01 2.282604897849367376e+00
8.744852722211672926e+02 5.623413251903490817e+01 2.306435080118113490e+00
1.000000000000000000e+03 5.623413251903490817e+01 2.272681654836247844e+00
4.000000000000001421e+01 6.812920690579611005e+01 0.000000000000000000e+00
4.574119344331683124e+01 6.812920690579611005e+01 0.000000000000000000e+00
5.230641944047322767e+01 6.812920690579611005e+01 0.000000000000000000e+00
5.981395124884883785e+01 6.812920690579611005e+01 0.000000000000000000e+00
6.839903786706790356e+01 6.812920690579611005e+01 8.565564287055117687e-02
7.821634056035759386e+01 6.812920690579611005e+01 2.289708595108820299e-01
8.944271909999160641e+01 6.812920690579611005e+01 5.782188488228728884e-01
1.022804179112240490e+02 6.812920690579611005e+01 1.321179806901968457e+00
1.169607095285146983e+02 6.812920690579611005e+01 2.038046028886905336e+00
1.337480609952844191e+02 6.812920690579611005e+01 2.432430121037247872e+00
1.529448982663459731e+02 6.812920690579611005e+01 2.604002512975818640e+00
1.748970544442334756e+02 6.812920690579611005e+01 2.546678452531884851e+00
2.000000000000000284e+02 6.812920690579611005e+01 2.404343544174353475e+00
2.287059672165840141e+02 6.812920690579611005e+01 2.486744576750237190e+00
2.615320972023659465e+02 6.812920690579611005e+01 2.612136423025062548e+00
2.990697562442441608e+02 6.812920690579611005e+01 2.432620714771669856e+00
3.419951893353393189e+02 6.812920690579611005e+01 2.564623876391194379e+00
3.910817028017877419e+02 6.812920690579611005e+01 2.510471750270773406e+00
4.472135954999579894e+02 6.812920690579611005e+01 2.589301471381094455e+00
5.114020895561201883e+02 6.812920690579611005e+01 2.448139123897857150e+00
5.848035476425728802e+02 6.812920690579611005e+01 2.615782565582764452e+00
6.687403049764220668e+02 6.812920690579611005e+01 2.667515469925860749e+00
7.647244913317297232e+02 6.812920690579611005e+01 2.658196193929361684e+00
8.744852722211672926e+02 6.812920690579611005e+01 2.685143519424035397e+00
1.000000000000000000e+03 6.812920690579611005e+01 2.649396142666772036e+00
4.000000000000001421e+01 8.254041852680181535e+01 0.000000000000000000e+00
4.574119344331683124e+01 8.254041852680181535e+01 0.000000000000000000e+00
5.230641944047322767e+01 8.254041852680181535e+01 0.000000000000000000e+00
5.981395124884883785e+01 8.254041852680181535e+01 0.000000000000000000e+00
6.839903786706790356e+01 8.254041852680181535e+01 1.017469200617379527e-01
7.821634056035759386e+01 8.254041852680181535e+01 2.777560974354279510e-01
8.944271909999160641e+01 8.254041852680181535e+01 6.941632092344691696e-01
1.022804179112240490e+02 8.254041852680181535e+01 1.567844192278953663e+00
1.169607095285146983e+02 8.254041852680181535e+01 2.379251925026417247e+00
1.337480609952844191e+02 8.254041852680181535e+01 2.822498457403622485e+00
1.529448982663459731e+02 8.254041852680181535e+01 3.016348436670993394e+00
1.748970544442334756e+02 8.254041852680181535e+01 2.954953285064126245e+00
2.000000000000000284e+02 8.254041852680181535e+01 2.799544466854737124e+00
2.287059672165840141e+02 8.254041852680181535e+01 2.890225654830830049e+00
2.615320972023659465e+02 8.254041852680181535e+01 3.026663238385508325e+00
2.990697562442441608e+02 8.254041852680181535e+01 2.831760388462924549e+00
3.419951893353393189e+02 8.254041852680181535e+01 2.976678595246995851e+00
3.910817028017877419e+02 8.254041852680181535e+01 2.918051345970673172e+00
4.472135954999579894e+02 8.254041852680181535e+01 3.005486843928574014e+00
5.114020895561201883e+02 8.254041852680181535e+01 2.853442287360609786e+00
5.848035476425728802e+02 8.254041852680181535e+01 3.036120021752707565e+00
6.687403049764220668e+02 8.254041852680181535e+01 3.094215532507105682e+00
7.647244913317297232e+02 8.254041852680181535e+01 3.085085945555538611e+00
8.744852722211672926e+02 8.254041852680181535e+01 3.116610564005421136e+00
1.000000000000000000e+03 8.254041852680181535e+01 3.078535032356525036e+00
4.000000000000001421e+01 1.000000000000000000e+02 0.000000000000000000e+00
4.574119344331683124e+01 1.000000000000000000e+02 0.000000000000000000e+00
5.230641944047322767e+01 1.000000000000000000e+02 0.000000000000000000e+00
5.981395124884883785e+01 1.000000000000000000e+02 6.354495831405944373e-02
6.839903786706790356e+01 1.000000000000000000e+02 1.361579766758822807e-01
7.821634056035759386e+01 1.000000000000000000e+02 3.407267326733254831e-01
8.944271909999160641e+01 1.000000000000000000e+02 8.379530600049184264e-01
1.022804179112240490e+02 1.000000000000000000e+02 1.855104994436891364e+00
1.169607095285146983e+02 1.000000000000000000e+02 2.769589753674665200e+00
1.337480609952844191e+02 1.000000000000000000e+02 3.264850621660232211e+00
1.529448982663459731e+02 1.000000000000000000e+02 3.482621314006141944e+00
1.748970544442334756e+02 1.000000000000000000e+02 3.417361717134137944e+00
2.000000000000000284e+02 1.000000000000000000e+02 3.248117413410794185e+00
2.287059672165840141e+02 1.000000000000000000e+02 3.347018729937154990e+00
2.615320972023659465e+02 1.000000000000000000e+02 3.494870665363973838e+00
2.990697562442441608e+02 1.000000000000000000e+02 3.284743670023522633e+00
3.419951893353393189e+02 1.000000000000000000e+02 3.443689265354278550e+00
3.910817028017877419e+02 1.000000000000000000e+02 3.380468862824146825e+00
4.472135954999579894e+02 1.000000000000000000e+02 3.477617885169336009e+00
5.114020895561201883e+02 1.000000000000000000e+02 3.313571531800882042e+00
5.848035476425728802e+02 1.000000000000000000e+02 3.512686743432240633e+00
6.687403049764220668e+02 1.000000000000000000e+02 3.577179884344005245e+00
7.647244913317297232e+02 1.000000000000000000e+02 3.569797733331898648e+00
8.744852722211672926e+02 1.000000000000000000e+02 3.605219981248051653e+00
1.000000000000000000e+03 1.000000000000000000e+02 3.565788730886280788e+00
4.000000000000001421e+01 1.211527658628587574e+02 0.000000000000000000e+00
4.574119344331683124e+01 1.211527658628587574e+02 0.000000000000000000e+00
5.230641944047322767e+01 1.211527658628587574e+02 0.000000000000000000e+00
5.981395124884883785e+01 1.211527658628587574e+02 6.777221512903676415e-02
6.839903786706790356e+01 1.211527658628587574e+02 1.784259135496306103e-01
7.821634056035759386e+01 1.211527658628587574e+02 4.161903815519851779e-01
8.944271909999160641e+01 1.211527658628587574e+02 1.007695456271664680e+00
1.022804179112240490e+02 1.211527658628587574e+02 2.187675824362298460e+00
1.169607095285146983e+02 1.211527658628587574e+02 3.213011414247896713e+00
1.337480609952844191e+02 1.211527658628587574e+02 3.763986143593812006e+00
1.529448982663459731e+02 1.211527658628587574e+02 4.007383260776208544e+00
1.748970544442334756e+02 1.211527658628587574e+02 3.938451972549081415e+00
2.000000000000000284e+02 1.211527658628587574e+02 3.755129921915900226e+00
2.287059672165840141e+02 1.211527658628587574e+02 3.862650539963224716e+00
2.615320972023659465e+02 1.211527658628587574e+02 4.022636183504655349e+00
2.990697562442441608e+02 1.211527658628587574e+02 3.796904879919394293e+00
3.419951893353393189e+02 1.211527658628587574e+02 3.970568955818853496e+00
3.910817028017877419e+02 1.211527658628587574e+02 3.902684492847558584e+00
4.472135954999579894e+02 1.211527658628587574e+02 4.009570976514410745e+00
5.114020895561201883e+02 1.211527658628587574e+02 3.834222075963757526e+00
5.848035476425728802e+02 1.211527658628587574e+02 4.050848239040971244e+00
6.687403049764220668e+02 1.211527658628587574e+02 4.122660941738008233e+00
7.647244913317297232e+02 1.211527658628587574e+02 4.117456636819498250e+00
8.744852722211672926e+02 1.211527658628587574e+02 4.157023595838214902e+00
1.000000000000000000e+03 1.211527658628587574e+02 4.117137549390566420e+00
4.000000000000001421e+01 1.467799267622069124e+02 0.000000000000000000e+00
4.574119344331683124e+01 1.467799267622069124e+02 1.064273062805568687e-02
5.230641944047322767e+01 1.467799267622069124e+02 4.037125429930028819e-02
5.981395124884883785e+01 1.467799267622069124e+02 1.033536044619906280e-01
6.839903786706790356e+01 1.467799267622069124e+02 2.238554357950300056e-01
7.821634056035759386e+01 1.467799267622069124e+02 5.050098130175535438e-01
8.944271909999160641e+01 1.467799267622069124e+02 1.208356808342014199e+00
1.022804179112240490e+02 1.467799267622069124e+02 2.573238198273491761e+00
1.169607095285146983e+02 1.467799267622069124e+02 3.713838001013379575e+00
1.337480609952844191e+02 1.467799267622069124e+02 4.325901841284075289e+00
1.529448982663459731e+02 1.467799267622069124e+02 4.596835305067415334e+00
1.748970544442334756e+02 1.467799267622069124e+02 4.524189340379084712e+00
2.000000000000000284e+02 1.467799267622069124e+02 4.326112571681636432e+00
2.287059672165840141e+02 1.467799267622069124e+02 4.442828810243524273e+00
2.615320972023659465e+02 1.467799267622069124e+02 4.614387069588366863e+00
2.990697562442441608e+02 1.467799267622069124e+02 4.373079422213132617e+00
3.419951893353393189e+02 1.467799267622069124e+02 4.562808216284059526e+00
3.910817028017877419e+02 1.467799267622069124e+02 4.490568248523935324e+00
4.472135954999579894e+02 1.467799267622069124e+02 4.608570352250433544e+00
5.114020895561201883e+02 1.467799267622069124e+02 4.421599588428377636e+00
5.848035476425728802e+02 1.467799267622069124e+02 4.656520337244007379e+00
6.687403049764220668e+02 1.467799267622069124e+02 4.736173831618222252e+00
7.647244913317297232e+02 1.467799267622069124e+02 4.733078450560237016e+00
8.744852722211672926e+02 1.467799267622069124e+02 4.778687482525004526e+00
1.000000000000000000e+03 1.467799267622069124e+02 4.738649816057956876e+00
4.000000000000001421e+01 1.778279410038922776e+02 0.000000000000000000e+00
4.574119344331683124e+01 1.778279410038922776e+02 1.042882870195474890e-02
5.230641944047322767e+01 1.778279410038922776e+02 7.071197987195575185e-02
5.981395124884883785e+01 1.778279410038922776e+02 1.314443863541341628e-01
6.839903786706790356e+01 1.778279410038922776e+02 2.734103981038907283e-01
7.821634056035759386e+01 1.778279410038922776e+02 6.119530551932922391e-01
8.944271909999160641e+01 1.778279410038922776e+02 1.447925473542565511e+00
1.022804179112240490e+02 1.778279410038922776e+02 3.016718344009916564e+00
1.169607095285146983e+02 1.778279410038922776e+02 4.279035037177847833e+00
1.337480609952844191e+02 1.778279410038922776e+02 4.954322070845659454e+00
1.529448982663459731e+02 1.778279410038922776e+02 5.256318927341458114e+00
1.748970544442334756e+02 1.778279410038922776e+02 5.179986540672127049e+00
2.000000000000000284e+02 1.778279410038922776e+02 4.966628981089757033e+00
2.287059672165840141e+02 1.778279410038922776e+02 5.093336286508642452e+00
2.615320972023659465e+02 1.778279410038922776e+02 5.276728769557316845e+00
2.990697562442441608e+02 1.778279410038922776e+02 5.019968723347430384e+00
3.419951893353393189e+02 1.778279410038922776e+02 5.226813878776842337e+00
3.910817028017877419e+02 1.778279410038922776e+02 5.150199827476609649e+00
4.472135954999579894e+02 1.778279410038922776e+02 5.279992967256168512e+00
5.114020895561201883e+02 1.778279410038922776e+02 5.081298704939431587e+00
5.848035476425728802e+02 1.778279410038922776e+02 5.335733228540616935e+00
6.687403049764220668e+02 1.778279410038922776e+02 5.424523354426635358e+00
7.647244913317297232e+02 1.778279410038922776e+02 5.425038624708827584e+00
8.744852722211672926e+02 1.778279410038922776e+02 5.476787213525496689e+00
1.000000000000000000e+03 1.778279410038922776e+02 5.437052382070845624e+00
4.000000000000001421e+01 2.154434690031882269e+02 0.000000000000000000e+00
4.574119344331683124e+01 2.154434690031882269e+02 2.636094407218313521e-02
5.230641944047322767e+01 2.154434690031882269e+02 9.890665927099476229e-02
5.981395124884883785e+01 2.154434690031882269e+02 1.737340420124269535e-01
6.839903786706790356e+01 2.154434690031882269e+02 3.365538553935953914e-01
7.821634056035759386e+01 2.154434690031882269e+02 7.407051119177955334e-01
8.944271909999160641e+01 2.154434690031882269e+02 1.730986200660304508e+00
1.022804179112240490e+02 2.154434690031882269e+02 3.525487410104131580e+00
1.169607095285146983e+02 2.154434690031882269e+02 4.914309141578267592e+00
1.337480609952844191e+02 2.154434690031882269e+02 5.657660520026539075e+00
1.529448982663459731e+02 2.154434690031882269e+02 5.992079608113259681e+00
1.748970544442334756e+02 2.154434690031882269e+02 5.912238895187027055e+00
2.000000000000000284e+02 2.154434690031882269e+02 5.682638744578524026e+00
2.287059672165840141e+02 2.154434690031882269e+02 5.820212277602767159e+00
2.615320972023659465e+02 2.154434690031882269e+02 6.015791717446814957e+00
2.990697562442441608e+02 2.154434690031882269e+02 5.743063197886335125e+00
3.419951893353393189e+02 2.154434690031882269e+02 5.968391527707506583e+00
3.910817028017877419e+02 2.154434690031882269e+02 5.887227258369589045e+00
4.472135954999579894e+02 2.154434690031882269e+02 6.030653956814780337e+00
5.114020895561201883e+02 2.154434690031882269e+02 5.820427856760995056e+00
5.848035476425728802e+02 2.154434690031882269e+02 6.095282652236685195e+00
6.687403049764220668e+02 2.154434690031882269e+02 6.194336175069672379e+00
7.647244913317297232e+02 2.154434690031882269e+02 6.198872508595456132e+00
8.744852722211672926e+02 2.154434690031882269e+02 6.258012453422738375e+00
1.000000000000000000e+03 2.154434690031882269e+02 6.219892726539221428e+00
4.000000000000001421e+01 2.610157215682535821e+02 0.000000000000000000e+00
4.574119344331683124e+01 2.610157215682535821e+02 4.123314090864591691e-02
5.230641944047322767e+01 2.610157215682535821e+02 1.185024059365502452e-01
5.981395124884883785e+01 2.610157215682535821e+02 2.173518694949280461e-01
6.839903786706790356e+01 2.610157215682535821e+02 4.052903989676991947e-01
7.821634056035759386e+01 2.610157215682535821e+02 8.945011444084985941e-01
8.944271909999160641e+01 2.610157215682535821e+02 2.065469304152415919e+00
1.022804179112240490e+02 2.610157215682535821e+02 4.107224402038087696e+00
1.169607095285146983e+02 2.610157215682535821e+02 5.625894087194571291e+00
1.337480609952844191e+02 2.610157215682535821e+02 6.440769617663499425e+00
1.529448982663459731e+02 2.610157215682535821e+02 6.810896769353823821e+00
1.748970544442334756e+02 2.610157215682535821e+02 6.727569398714820181e+00
2.000000000000000284e+02 2.610157215682535821e+02 6.480876588715995368e+00
2.287059672165840141e+02 2.610157215682535821e+02 6.630025491223036305e+00
2.615320972023659465e+02 2.610157215682535821e+02 6.838374981639089967e+00
2.990697562442441608e+02 2.610157215682535821e+02 6.548980573188891263e+00
3.419951893353393189e+02 2.610157215682535821e+02 6.795002634460138857e+00
3.910817028017877419e+02 2.610157215682535821e+02 6.708942226482315085e+00
4.472135954999579894e+02 2.610157215682535821e+02 6.867452777882886217e+00
5.114020895561201883e+02 2.610157215682535821e+02 6.644661986183491464e+00
5.848035476425728802e+02 2.610157215682535821e+02 6.942241665846461629e+00
6.687403049764220668e+02 2.610157215682535821e+02 7.052950571432563542e+00
7.647244913317297232e+02 2.610157215682535821e+02 7.062666122289138926e+00
8.744852722211672926e+02 2.610157215682535821e+02 7.130343520311058114e+00
1.000000000000000000e+03 2.610157215682535821e+02 7.094125547993114012e+00
4.000000000000001421e+01 3.162277660168379612e+02 0.000000000000000000e+00
4.574119344331683124e+01 3.162277660168379612e+02 8.101829391610809727e-02
5.230641944047322767e+01 3.162277660168379612e+02 1.519921556546254826e-01
5.981395124884883785e+01 3.162277660168379612e+02 2.678256411397390568e-01
6.839903786706790356e+01 3.162277660168379612e+02 4.934065088298563717e-01
7.821634056035759386e+01 3.162277660168379612e+02 1.079899472808452110e+00
8.944271909999160641e+01 3.162277660168379612e+02 2.460166617415202150e+00
1.022804179112240490e+02 3.162277660168379612e+02 4.768988902732481883e+00
1.169607095285146983e+02 3.162277660168379612e+02 6.420017392166378123e+00
1.337480609952844191e+02 3.162277660168379612e+02 7.311946830553119447e+00
1.529448982663459731e+02 3.162277660168379612e+02 7.720164820356008484e+00
1.748970544442334756e+02 3.162277660168379612e+02 7.632937218215698927e+00
2.000000000000000284e+02 3.162277660168379612e+02 7.367759512043850378e+00
2.287059672165840141e+02 3.162277660168379612e+02 7.529694595874423690e+00
2.615320972023659465e+02 3.162277660168379612e+02 7.751621276100042479e+00
2.990697562442441608e+02 3.162277660168379612e+02 7.444887908354171913e+00
3.419951893353393189e+02 3.162277660168379612e+02 7.713191956329719545e+00
3.910817028017877419e+02 3.162277660168379612e+02 7.622316668647439286e+00
4.472135954999579894e+02 3.162277660168379612e+02 7.797938449760374091e+00
5.114020895561201883e+02 3.162277660168379612e+02 7.562032179394401865e+00
5.848035476425728802e+02 3.162277660168379612e+02 7.884541982529926329e+00
6.687403049764220668e+02 3.162277660168379612e+02 8.008174706397229059e+00
7.647244913317297232e+02 3.162277660168379612e+02 8.024287967457892634e+00
8.744852722211672926e+02 3.162277660168379612e+02 8.101694278172519859e+00
1.000000000000000000e+03 3.162277660168379612e+02 8.068504589162392548e+00
4.000000000000001421e+01 3.831186849557284972e+02 4.435307437584420226e-02
4.574119344331683124e+01 3.831186849557284972e+02 9.408038649048094948e-02
5.230641944047322767e+01 3.831186849557284972e+02 1.852392269533911506e-01
5.981395124884883785e+01 3.831186849557284972e+02 3.247728562430050037e-01
6.839903786706790356e+01 3.831186849557284972e+02 5.964329479742369600e-01
7.821634056035759386e+01 3.831186849557284972e+02 1.299730338304735167e+00
8.944271909999160641e+01 3.831186849557284972e+02 2.921739298703910137e+00
1.022804179112240490e+02 3.831186849557284972e+02 5.519058247169923881e+00
1.169607095285146983e+02 3.831186849557284972e+02 7.303996702746787584e+00
1.337480609952844191e+02 3.831186849557284972e+02 8.277551955417949969e+00
1.529448982663459731e+02 3.831186849557284972e+02 8.727249825166861541e+00
1.748970544442334756e+02 3.831186849557284972e+02 8.636440722918207413e+00
2.000000000000000284e+02 3.831186849557284972e+02 8.350996409648541174e+00
2.287059672165840141e+02 3.831186849557284972e+02 8.527057179851050606e+00
2.615320972023659465e+02 3.831186849557284972e+02 8.763242722688989517e+00
2.990697562442441608e+02 3.831186849557284972e+02 8.438230238475524558e+00
3.419951893353393189e+02 3.831186849557284972e+02 8.731503677471403435e+00
3.910817028017877419e+02 3.831186849557284972e+02 8.635098882315123348e+00
4.472135954999579894e+02 3.831186849557284972e+02 8.829812247004261039e+00
5.114020895561201883e+02 3.831186849557284972e+02 8.580451887480254669e+00
5.848035476425728802e+02 3.831186849557284972e+02 8.929714505334915842e+00
6.687403049764220668e+02 3.831186849557284972e+02 9.068488628775519089e+00
7.647244913317297232e+02 3.831186849557284972e+02 9.092168449456480062e+00
8.744852722211672926e+02 3.831186849557284972e+02 9.180652081618926985e+00
1.000000000000000000e+03 3.831186849557284972e+02 9.151522330283532014e+00
4.000000000000001421e+01 4.641588833612777307e+02 6.520111273693504628e-02
4.574119344331683124e+01 4.641588833612777307e+02 1.247605395390029431e-01
5.230641944047322767e+01 4.641588833612777307e+02 2.287342316156144029e-01
5.981395124884883785e+01 4.641588833612777307e+02 3.993289888346055472e-01
6.839903786706790356e+01 4.641588833612777307e+02 7.229460579147451993e-01
7.821634056035759386e+01 4.641588833612777307e+02 1.564435154155410013e+00
8.944271909999160641e+01 4.641588833612777307e+02 3.461855422593231424e+00
1.022804179112240490e+02 4.641588833612777307e+02 6.365576313689198962e+00
1.169607095285146983e+02 4.641588833612777307e+02 8.285526919239648791e+00
1.337480609952844191e+02 4.641588833612777307e+02 9.346696602329949144e+00
1.529448982663459731e+02 4.641588833612777307e+02 9.841048807668745013e+00
1.748970544442334756e+02 4.641588833612777307e+02 9.745749006214538213e+00
2.000000000000000284e+02 4.641588833612777307e+02 9.439267288898001595e+00
2.287059672165840141e+02 4.641588833612777307e+02 9.630260259003607715e+00
2.615320972023659465e+02 4.641588833612777307e+02 9.881956196915233193e+00
2.990697562442441608e+02 4.641588833612777307e+02 9.537345649649864754e+00
3.419951893353393189e+02 4.641588833612777307e+02 9.858159996930366376e+00
3.910817028017877419e+02 4.641588833612777307e+02 9.755770342048336374e+00
4.472135954999579894e+02 4.641588833612777307e+02 9.972097399216018232e+00
5.114020895561201883e+02 4.641588833612777307e+02 9.708164957776693527e+00
5.848035476425728802e+02 4.641588833612777307e+02 1.008729248678032597e+01
6.687403049764220668e+02 4.641588833612777307e+02 1.024293086726135726e+01
7.647244913317297232e+02 4.641588833612777307e+02 1.027562750426012173e+01
8.744852722211672926e+02 4.641588833612777307e+02 1.037694112139233305e+01
1.000000000000000000e+03 4.641588833612777307e+02 1.035254665381440731e+01
4.000000000000001421e+01 5.623413251903490391e+02 8.688706277791172217e-02
4.574119344331683124e+01 5.623413251903490391e+02 1.579286435727786375e-01
5.230641944047322767e+01 5.623413251903490391e+02 2.802097784948324177e-01
5.981395124884883785e+01 5.623413251903490391e+02 4.877445948246126872e-01
6.839903786706790356e+01 5.623413251903490391e+02 8.756002079642261071e-01
7.821634056035759386e+01 5.623413251903490391e+02 1.880712073725848921e+00
8.944271909999160641e+01 5.623413251903490391e+02 4.090619031134822059e+00
1.022804179112240490e+02 5.623413251903490391e+02 7.317244998164659897e+00
1.169607095285146983e+02 5.623413251903490391e+02 9.372543065669734830e+00
1.337480609952844191e+02 5.623413251903490391e+02 1.052751400606177690e+01
1.529448982663459731e+02 5.623413251903490391e+02 1.107080335781514790e+01
1.748970544442334756e+02 5.623413251903490391e+02 1.097071543531937543e+01
2.000000000000000284e+02 5.623413251903490391e+02 1.064136324772827535e+01
2.287059672165840141e+02 5.623413251903490391e+02 1.084835842740184830e+01
2.615320972023659465e+02 5.623413251903490391e+02 1.111678061226201564e+01
2.990697562442441608e+02 5.623413251903490391e+02 1.075124453290099957e+01
3.419951893353393189e+02 5.623413251903490391e+02 1.110247774773022300e+01
3.910817028017877419e+02 5.623413251903490391e+02 1.099382713179764615e+01
4.472135954999579894e+02 5.623413251903490391e+02 1.123440039468519736e+01
5.114020895561201883e+02 5.623413251903490391e+02 1.095484859600357019e+01
5.848035476425728802e+02 5.623413251903490391e+02 1.136688831078066109e+01
6.687403049764220668e+02 5.623413251903490391e+02 1.154165292442091939e+01
7.647244913317297232e+02 5.623413251903490391e+02 1.158481744795157375e+01
8.744852722211672926e+02 5.623413251903490391e+02 1.170053802602727266e+01
1.000000000000000000e+03 5.623413251903490391e+02 1.168200730030681278e+01
4.000000000000001421e+01 6.812920690579608163e+02 1.105567867056212461e-01
4.574119344331683124e+01 6.812920690579608163e+02 1.939876263941552048e-01
5.230641944047322767e+01 6.812920690579608163e+02 3.401592874851391834e-01
5.981395124884883785e+01 6.812920690579608163e+02 5.922331595552846606e-01
6.839903786706790356e+01 6.812920690579608163e+02 1.057208280066959105e+00
7.821634056035759386e+01 6.812920690579608163e+02 2.256493276421768446e+00
8.944271909999160641e+01 6.812920690579608163e+02 4.820097397307929299e+00
1.022804179112240490e+02 6.812920690579608163e+02 8.382743636951122568e+00
1.169607095285146983e+02 6.812920690579608163e+02 1.057400571331873351e+01
1.337480609952844191e+02 6.812920690579608163e+02 1.183040276330412333e+01
1.529448982663459731e+02 6.812920690579608163e+02 1.242647817422660594e+01
1.748970544442334756e+02 6.812920690579608163e+02 1.232143128681994959e+01
2.000000000000000284e+02 6.812920690579608163e+02 1.196717647954716135e+01
2.287059672165840141e+02 6.812920690579608163e+02 1.219163750387052936e+01
2.615320972023659465e+02 6.812920690579608163e+02 1.247839837682328579e+01
2.990697562442441608e+02 6.812920690579608163e+02 1.209015832889254405e+01
3.419951893353393189e+02 6.812920690579608163e+02 1.247500280897192049e+01
3.910817028017877419e+02 6.812920690579608163e+02 1.235933796790853556e+01
4.472135954999579894e+02 6.812920690579608163e+02 1.262712395934649123e+01
5.114020895561201883e+02 6.812920690579608163e+02 1.233053798200124440e+01
5.848035476425728802e+02 6.812920690579608163e+02 1.277901364651438421e+01
6.687403049764220668e+02 6.812920690579608163e+02 1.297539746610815925e+01
7.647244913317297232e+02 6.812920690579608163e+02 1.303058755877369990e+01
8.744852722211672926e+02 6.812920690579608163e+02 1.316278287645273792e+01
1.000000000000000000e+03 6.812920690579608163e+02 1.315121140086690055e+01
4.000000000000001421e+01 8.254041852680181819e+02 1.347198780646701455e-01
4.574119344331683124e+01 8.254041852680181819e+02 2.348249690037327309e-01
5.230641944047322767e+01 8.254041852680181819e+02 4.136510360606842629e-01
5.981395124884883785e+01 8.254041852680181819e+02 7.151737429057081208e-01
6.839903786706790356e+01 8.254041852680181819e+02 1.278227473301767114e+00
7.821634056035759386e+01 8.254041852680181819e+02 2.703534376770501790e+00
8.944271909999160641e+01 8.254041852680181819e+02 5.663219756601005628e+00
1.022804179112240490e+02 8.254041852680181819e+02 9.570691697273773002e+00
1.169607095285146983e+02 8.254041852680181819e+02 1.189961975696728302e+01
1.337480609952844191e+02 8.254041852680181819e+02 1.326619064481895016e+01
1.529448982663459731e+02 8.254041852680181819e+02 1.391970536106619249e+01
1.748970544442334756e+02 8.254041852680181819e+02 1.380875958822083938e+01
2.000000000000000284e+02 8.254041852680181819e+02 1.342810403061888280e+01
2.287059672165840141e+02 8.254041852680181819e+02 1.367099104013588473e+01
2.615320972023659465e+02 8.254041852680181819e+02 1.397779631999562788e+01
2.990697562442441608e+02 8.254041852680181819e+02 1.356505865247224207e+01
3.419951893353393189e+02 8.254041852680181819e+02 1.398712650206091368e+01
3.910817028017877419e+02 8.254041852680181819e+02 1.386351235362376322e+01
4.472135954999579894e+02 8.254041852680181819e+02 1.416182581908907778e+01
5.114020895561201883e+02 8.254041852680181819e+02 1.384695891267750412e+01
5.848035476425728802e+02 8.254041852680181819e+02 1.433568215209530372e+01
6.687403049764220668e+02 8.254041852680181819e+02 1.455630257569382202e+01
7.647244913317297232e+02 8.254041852680181819e+02 1.462515521247068584e+01
8.744852722211672926e+02 8.254041852680181819e+02 1.477591666945362370e+01
1.000000000000000000e+03 8.254041852680181819e+02 1.477227510528277143e+01
4.000000000000001421e+01 1.000000000000000000e+03 1.683194961408723822e-01
4.574119344331683124e+01 1.000000000000000000e+03 2.887955411675703910e-01
5.230641944047322767e+01 1.000000000000000000e+03 5.024511948516247051e-01
5.981395124884883785e+01 1.000000000000000000e+03 8.672550519825653614e-01
6.839903786706790356e+01 1.000000000000000000e+03 1.542093120047099752e+00
7.821634056035759386e+01 1.000000000000000000e+03 3.232980422396928066e+00
8.944271909999160641e+01 1.000000000000000000e+03 6.634561227228469527e+00
1.022804179112240490e+02 1.000000000000000000e+03 1.088988538049985877e+01
1.169607095285146983e+02 1.000000000000000000e+03 1.336049545764743129e+01
1.337480609952844191e+02 1.000000000000000000e+03 1.484635098757163441e+01
1.529448982663459731e+02 1.000000000000000000e+03 1.556306686075149770e+01
1.748970544442334756e+02 1.000000000000000000e+03 1.544539590047413746e+01
2.000000000000000284e+02 1.000000000000000000e+03 1.503610576722835290e+01
2.287059672165840141e+02 1.000000000000000000e+03 1.529872809687187107e+01
2.615320972023659465e+02 1.000000000000000000e+03 1.562789650927204299e+01
2.990697562442441608e+02 1.000000000000000000e+03 1.518841999885039051e+01
3.419951893353393189e+02 1.000000000000000000e+03 1.565131736538691065e+01
3.910817028017877419e+02 1.000000000000000000e+03 1.551905161238977193e+01
4.472135954999579894e+02 1.000000000000000000e+03 1.585138766840989533e+01
5.114020895561201883e+02 1.000000000000000000e+03 1.551626519307322205e+01
5.848035476425728802e+02 1.000000000000000000e+03 1.604973961838882701e+01
6.687403049764220668e+02 1.000000000000000000e+03 1.629755314355913143e+01
7.647244913317297232e+02 1.000000000000000000e+03 1.638189767623735449e+01
8.744852722211672926e+02 1.000000000000000000e+03 1.655343703276484391e+01
1.000000000000000000e+03 1.000000000000000000e+03 1.655900304619352070e+01
