# mlight/eV Tf delta
1.000000000000000000e+00 1.733240881845672654e-02
1.000000000000000000e+00 3.691267826039040106e-02
1.000000000000000000e+00 7.501239338093260156e-02
1.000000000000000000e+00 1.462566458625641497e-01
1.000000000000000000e+00 2.845854845858773463e-01
1.000000000000000000e+00 5.882357669552140678e-01
1.000000000000000000e+00 1.358592244688388684e+00
1.000000000000000000e+00 3.465760032992811102e+00
1.000000000000000000e+00 9.241425734966918881e+00
1.000000000000000000e+00 2.458336611101485758e+01
