1.e-8
1.0232929922807536e-8
1.0471285480508984e-8
1.071519305237607e-8
1.0964781961431851e-8
1.122018454301963e-8
1.1481536214968817e-8
1.1748975549395302e-8
1.202264434617413e-8
1.2302687708123811e-8
1.2589254117941661e-8
1.288249551693135e-8
1.3182567385564074e-8
1.3489628825916533e-8
1.3803842646028838e-8
1.4125375446227554e-8
1.4454397707459279e-8
1.4791083881682072e-8
1.5135612484362072e-8
1.5488166189124828e-8
1.5848931924611143e-8
1.6218100973589297e-8
1.6595869074375597e-8
1.698243652461746e-8
1.7378008287493763e-8
1.7782794100389228e-8
1.8197008586099826e-8
1.8620871366628656e-8
1.9054607179632482e-8
1.9498445997580454e-8
1.9952623149688786e-8
2.0417379446695274e-8
2.0892961308540408e-8
2.1379620895022325e-8
2.1877616239495518e-8
2.2387211385683378e-8
2.2908676527677746e-8
2.3442288153199228e-8
2.3988329190194897e-8
2.4547089156850285e-8
2.511886431509582e-8
2.5703957827688646e-8
2.6302679918953814e-8
2.691534803926914e-8
2.754228703338169e-8
2.818382931264455e-8
2.8840315031266057e-8
2.951209226666384e-8
3.0199517204020194e-8
3.090295432513592e-8
3.162277660168379e-8
3.235936569296281e-8
3.311311214825908e-8
3.388441561392027e-8
3.4673685045253164e-8
3.548133892335753e-8
3.6307805477010175e-8
3.715352290971728e-8
3.8018939632056126e-8
3.890451449942805e-8
3.981071705534969e-8
4.07380277804113e-8
4.168693834703355e-8
4.265795188015925e-8
4.3651583224016566e-8
4.4668359215096346e-8
4.570881896148752e-8
4.6773514128719815e-8
4.78630092322638e-8
4.8977881936844667e-8
5.011872336272725e-8
5.128613839913648e-8
5.248074602497723e-8
5.3703179637025324e-8
5.495408738576248e-8
5.6234132519034905e-8
5.7543993733715665e-8
5.8884365535558836e-8
6.025595860743581e-8
6.165950018614822e-8
6.30957344480193e-8
6.456542290346562e-8
6.606934480075964e-8
6.760829753919818e-8
6.918309709189362e-8
7.079457843841373e-8
7.244359600749906e-8
7.413102413009177e-8
7.585775750291836e-8
7.762471166286912e-8
7.943282347242822e-8
8.128305161640995e-8
8.317637711026709e-8
8.511380382023759e-8
8.709635899560814e-8
8.912509381337459e-8
9.120108393559096e-8
9.332543007969905e-8
9.549925860214369e-8
9.772372209558111e-8
1.e-7
1.0232929922807536e-7
1.0471285480508985e-7
1.0715193052376071e-7
1.0964781961431852e-7
1.122018454301963e-7
1.148153621496884e-7
1.1748975549395303e-7
1.2022644346174132e-7
1.2302687708123812e-7
1.2589254117941662e-7
1.2882495516931348e-7
1.3182567385564074e-7
1.3489628825916533e-7
1.3803842646028865e-7
1.4125375446227555e-7
1.445439770745928e-7
1.479108388168207e-7
1.5135612484362072e-7
1.5488166189124795e-7
1.584893192461114e-7
1.6218100973589298e-7
1.6595869074375596e-7
1.6982436524617461e-7
1.7378008287493765e-7
1.7782794100389227e-7
1.8197008586099824e-7
1.8620871366628656e-7
1.9054607179632483e-7
1.9498445997580455e-7
1.9952623149688787e-7
2.0417379446695318e-7
2.0892961308540409e-7
2.1379620895022324e-7
2.187761623949552e-7
2.2387211385683377e-7
2.2908676527677748e-7
2.3442288153199228e-7
2.39883291901949e-7
2.4547089156850336e-7
2.5118864315095823e-7
2.570395782768865e-7
2.6302679918953816e-7
2.691534803926914e-7
2.754228703338163e-7
2.818382931264455e-7
2.8840315031266057e-7
2.951209226666384e-7
3.019951720402019e-7
3.090295432513592e-7
3.162277660168379e-7
3.235936569296281e-7
3.311311214825908e-7
3.3884415613920274e-7
3.4673685045253164e-7
3.548133892335753e-7
3.6307805477010174e-7
3.715352290971728e-7
3.8018939632056126e-7
3.890451449942805e-7
3.981071705534969e-7
4.0738027780411303e-7
4.168693834703355e-7
4.2657951880159254e-7
4.365158322401665e-7
4.466835921509635e-7
4.5708818961487516e-7
4.677351412871981e-7
4.78630092322638e-7
4.897788193684457e-7
5.011872336272725e-7
5.128613839913648e-7
5.248074602497723e-7
5.370317963702533e-7
5.495408738576248e-7
5.62341325190349e-7
5.754399373371567e-7
5.888436553555884e-7
6.025595860743581e-7
6.165950018614822e-7
6.30957344480193e-7
6.456542290346562e-7
6.606934480075964e-7
6.760829753919819e-7
6.918309709189363e-7
7.079457843841374e-7
7.244359600749906e-7
7.413102413009177e-7
7.585775750291836e-7
7.762471166286927e-7
7.943282347242822e-7
8.128305161640995e-7
8.317637711026709e-7
8.511380382023759e-7
8.709635899560796e-7
8.912509381337459e-7
9.120108393559096e-7
9.332543007969905e-7
9.549925860214369e-7
9.77237220955811e-7
1.e-6
1.0232929922807537e-6
1.0471285480508985e-6
1.071519305237607e-6
1.096478196143185e-6
1.122018454301963e-6
1.148153621496884e-6
1.1748975549395304e-6
1.2022644346174132e-6
1.2302687708123811e-6
1.2589254117941661e-6
1.2882495516931322e-6
1.3182567385564074e-6
1.3489628825916533e-6
1.3803842646028865e-6
1.4125375446227554e-6
1.445439770745928e-6
1.479108388168207e-6
1.5135612484362072e-6
1.5488166189124796e-6
1.584893192461114e-6
1.6218100973589298e-6
1.659586907437563e-6
1.698243652461746e-6
1.7378008287493763e-6
1.778279410038923e-6
1.8197008586099826e-6
1.8620871366628656e-6
1.9054607179632483e-6
1.9498445997580454e-6
1.995262314968883e-6
2.0417379446695316e-6
2.0892961308540407e-6
2.1379620895022326e-6
2.1877616239495517e-6
2.2387211385683376e-6
2.29086765276777e-6
2.3442288153199226e-6
2.3988329190194897e-6
2.4547089156850335e-6
2.5118864315095823e-6
2.5703957827688647e-6
2.6302679918953817e-6
2.6915348039269138e-6
2.7542287033381634e-6
2.818382931264455e-6
2.884031503126606e-6
2.95120922666639e-6
3.0199517204020193e-6
3.090295432513592e-6
3.162277660168379e-6
3.235936569296281e-6
3.3113112148259077e-6
3.3884415613920275e-6
3.467368504525317e-6
3.5481338923357606e-6
3.6307805477010175e-6
3.7153522909717276e-6
3.801893963205613e-6
3.890451449942805e-6
3.981071705534969e-6
4.073802778041122e-6
4.168693834703355e-6
4.265795188015926e-6
4.365158322401665e-6
4.466835921509635e-6
4.570881896148752e-6
4.677351412871981e-6
4.78630092322638e-6
4.897788193684457e-6
5.011872336272725e-6
5.128613839913648e-6
5.248074602497734e-6
5.370317963702533e-6
5.4954087385762485e-6
5.623413251903491e-6
5.754399373371567e-6
5.888436553555884e-6
6.025595860743581e-6
6.165950018614822e-6
6.309573444801943e-6
6.4565422903465625e-6
6.606934480075964e-6
6.760829753919819e-6
6.9183097091893625e-6
7.079457843841373e-6
7.2443596007498914e-6
7.413102413009177e-6
7.585775750291836e-6
7.762471166286928e-6
7.943282347242822e-6
8.128305161640995e-6
8.31763771102671e-6
8.51138038202376e-6
8.709635899560797e-6
8.91250938133746e-6
9.120108393559096e-6
9.332543007969925e-6
9.549925860214369e-6
9.772372209558111e-6
0.00001
0.000010232929922807536
0.000010471285480508985
0.00001071519305237607
0.000010964781961431852
0.000011220184543019652
0.000011481536214968841
0.000011748975549395302
0.000012022644346174132
0.00001230268770812381
0.000012589254117941661
0.000012882495516931323
0.000013182567385564074
0.000013489628825916533
0.000013803842646028866
0.000014125375446227555
0.00001445439770745928
0.000014791083881682072
0.000015135612484362071
0.000015488166189124797
0.00001584893192461114
0.0000162181009735893
0.000016595869074375632
0.00001698243652461746
0.000017378008287493764
0.00001778279410038923
0.000018197008586099827
0.000018620871366628657
0.000019054607179632484
0.000019498445997580456
0.00001995262314968883
0.000020417379446695318
0.00002089296130854041
0.000021379620895022323
0.00002187761623949552
0.00002238721138568338
0.0000229086765276777
0.00002344228815319923
0.0000239883291901949
0.000024547089156850336
0.000025118864315095822
0.000025703957827688645
0.000026302679918953814
0.00002691534803926914
0.000027542287033381633
0.00002818382931264455
0.000028840315031266056
0.0000295120922666639
0.000030199517204020192
0.00003090295432513592
0.000031622776601683795
0.00003235936569296281
0.000033113112148259076
0.000033884415613920276
0.00003467368504525317
0.0000354813389233576
0.000036307805477010174
0.00003715352290971728
0.000038018939632056124
0.000038904514499428046
0.000039810717055349695
0.00004073802778041122
0.00004168693834703355
0.00004265795188015926
0.000043651583224016654
0.00004466835921509635
0.000045708818961487516
0.00004677351412871981
0.000047863009232263804
0.00004897788193684456
0.00005011872336272725
0.00005128613839913648
0.000052480746024977334
0.000053703179637025325
0.00005495408738576248
0.00005623413251903491
0.000057543993733715664
0.00005888436553555884
0.000060255958607435806
0.00006165950018614822
0.00006309573444801943
0.00006456542290346563
0.00006606934480075965
0.00006760829753919819
0.00006918309709189363
0.00007079457843841373
0.00007244359600749891
0.00007413102413009176
0.00007585775750291836
0.00007762471166286927
0.00007943282347242822
0.00008128305161640995
0.00008317637711026709
0.0000851138038202376
0.00008709635899560796
0.00008912509381337459
0.00009120108393559096
0.00009332543007969924
0.00009549925860214369
0.00009772372209558111
0.0001
0.00010232929922807536
0.00010471285480509007
0.0001071519305237607
0.00010964781961431851
0.0001122018454301963
0.0001148153621496884
0.00011748975549395303
0.00012022644346174131
0.0001230268770812381
0.0001258925411794166
0.0001288249551693135
0.00013182567385564074
0.00013489628825916533
0.00013803842646028838
0.00014125375446227554
0.0001445439770745928
0.00014791083881682073
0.00015135612484362072
0.00015488166189124827
0.00015848931924611142
0.00016218100973589298
0.00016595869074375596
0.0001698243652461746
0.00017378008287493763
0.00017782794100389227
0.00018197008586099826
0.00018620871366628695
0.00019054607179632481
0.00019498445997580456
0.00019952623149688788
0.00020417379446695317
0.0002089296130854041
0.00021379620895022324
0.00021877616239495518
0.00022387211385683424
0.00022908676527677748
0.00023442288153199226
0.000239883291901949
0.00024547089156850286
0.0002511886431509582
0.0002570395782768865
0.00026302679918953814
0.0002691534803926914
0.0002754228703338169
0.0002818382931264455
0.00028840315031266055
0.0002951209226666384
0.0003019951720402019
0.0003090295432513592
0.00031622776601683794
0.0003235936569296281
0.0003311311214825914
0.00033884415613920273
0.0003467368504525317
0.0003548133892335753
0.0003630780547701018
0.0003715352290971728
0.00038018939632056124
0.0003890451449942805
0.00039810717055349773
0.00040738027780411304
0.0004168693834703355
0.00042657951880159257
0.0004365158322401656
0.0004466835921509635
0.0004570881896148752
0.00046773514128719813
0.00047863009232263805
0.0004897788193684466
0.0005011872336272725
0.0005128613839913648
0.0005248074602497723
0.0005370317963702533
0.0005495408738576248
0.0005623413251903491
0.0005754399373371566
0.0005888436553555896
0.0006025595860743581
0.0006165950018614823
0.000630957344480193
0.0006456542290346562
0.0006606934480075965
0.0006760829753919819
0.0006918309709189362
0.0007079457843841388
0.0007244359600749906
0.0007413102413009177
0.0007585775750291835
0.0007762471166286912
0.0007943282347242822
0.0008128305161640995
0.0008317637711026709
0.0008511380382023759
0.0008709635899560814
0.0008912509381337459
0.0009120108393559096
0.0009332543007969905
0.0009549925860214369
0.000977237220955811
0.001
0.0010232929922807535
0.0010471285480509007
0.001071519305237607
0.0010964781961431851
0.001122018454301963
0.001148153621496884
0.0011748975549395304
0.001202264434617413
0.0012302687708123812
0.0012589254117941688
0.001288249551693135
0.0013182567385564075
0.0013489628825916532
0.0013803842646028838
0.0014125375446227555
0.001445439770745928
0.0014791083881682072
0.0015135612484362072
0.0015488166189124826
0.001584893192461114
0.0016218100973589297
0.0016595869074375598
0.001698243652461746
0.0017378008287493763
0.0017782794100389228
0.0018197008586099826
0.0018620871366628695
0.0019054607179632482
0.0019498445997580456
0.001995262314968879
0.0020417379446695315
0.0020892961308540407
0.0021379620895022326
0.002187761623949552
0.0022387211385683425
0.0022908676527677745
0.0023442288153199225
0.00239883291901949
0.0024547089156850286
0.002511886431509582
0.0025703957827688645
0.0026302679918953813
0.002691534803926914
0.002754228703338169
0.002818382931264455
0.0028840315031266055
0.0029512092266663842
0.003019951720402019
0.003090295432513592
0.0031622776601683794
0.003235936569296281
0.0033113112148259144
0.0033884415613920273
0.0034673685045253167
0.0035481338923357532
0.0036307805477010175
0.003715352290971728
0.0038018939632056127
0.003890451449942805
0.003981071705534978
0.00407380277804113
0.004168693834703355
0.004265795188015926
0.004365158322401657
0.004466835921509635
0.004570881896148752
0.004677351412871981
0.00478630092322638
0.004897788193684466
0.005011872336272725
0.005128613839913648
0.005248074602497723
0.005370317963702532
0.005495408738576248
0.005623413251903491
0.005754399373371567
0.005888436553555896
0.0060255958607435805
0.006165950018614822
0.00630957344480193
0.006456542290346563
0.006606934480075964
0.006760829753919818
0.006918309709189363
0.007079457843841388
0.007244359600749906
0.007413102413009177
0.007585775750291836
0.007762471166286911
0.00794328234724282
0.008128305161640995
0.008317637711026709
0.008511380382023759
0.008709635899560815
0.008912509381337459
0.009120108393559097
0.009332543007969905
0.00954992586021437
0.009772372209558112
0.01
0.010232929922807537
0.010471285480509006
0.01071519305237607
0.01096478196143185
0.01122018454301963
0.01148153621496884
0.011748975549395304
0.012022644346174132
0.012302687708123811
0.012589254117941687
0.01288249551693135
0.013182567385564075
0.013489628825916533
0.013803842646028866
0.014125375446227554
0.01445439770745928
0.014791083881682071
0.015135612484362071
0.015488166189124828
0.01584893192461114
0.0162181009735893
0.016595869074375595
0.01698243652461746
0.017378008287493762
0.01778279410038923
0.018197008586099826
0.018620871366628693
0.019054607179632484
0.019498445997580455
0.01995262314968879
0.020417379446695316
0.02089296130854041
0.021379620895022326
0.02187761623949552
0.022387211385683423
0.022908676527677748
0.023442288153199226
0.023988329190194897
0.024547089156850336
0.025118864315095822
0.025703957827688646
0.026302679918953815
0.02691534803926914
0.02754228703338169
0.02818382931264455
0.028840315031266057
0.02951209226666384
0.030199517204020192
0.03090295432513592
0.03162277660168379
0.03235936569296281
0.03311311214825914
0.03388441561392028
0.034673685045253165
0.03548133892335753
0.03630780547701017
0.037153522909717275
0.038018939632056124
0.03890451449942805
0.039810717055349776
0.0407380277804113
0.04168693834703355
0.04265795188015926
0.04365158322401665
0.04466835921509635
0.04570881896148752
0.046773514128719815
0.0478630092322638
0.048977881936844665
0.05011872336272725
0.05128613839913648
0.05248074602497723
0.053703179637025325
0.05495408738576248
0.05623413251903491
0.057543993733715666
0.05888436553555896
0.06025595860743581
0.06165950018614822
0.0630957344480193
0.06456542290346562
0.06606934480075964
0.06760829753919818
0.06918309709189363
0.07079457843841387
0.07244359600749906
0.07413102413009177
0.07585775750291836
0.07762471166286927
0.07943282347242822
0.08128305161640995
0.08317637711026708
0.08511380382023759
0.08709635899560814
0.08912509381337459
0.09120108393559097
0.09332543007969905
0.09549925860214369
0.09772372209558111
0.1
0.10232929922807536
0.10471285480509006
0.10715193052376071
0.1096478196143185
0.1122018454301963
0.1148153621496884
0.11748975549395303
0.12022644346174131
0.1230268770812381
0.12589254117941687
0.1288249551693135
0.13182567385564073
0.13489628825916533
0.13803842646028866
0.14125375446227553
0.1445439770745928
0.1479108388168207
0.1513561248436207
0.15488166189124827
0.15848931924611143
0.16218100973589297
0.16595869074375597
0.1698243652461746
0.17378008287493762
0.1778279410038923
0.18197008586099825
0.18620871366628694
0.19054607179632482
0.19498445997580455
0.1995262314968879
0.20417379446695316
0.2089296130854041
0.21379620895022325
0.21877616239495518
0.22387211385683423
0.22908676527677746
0.23442288153199228
0.239883291901949
0.24547089156850335
0.25118864315095824
0.25703957827688645
0.26302679918953814
0.2691534803926914
0.2754228703338169
0.2818382931264455
0.28840315031266056
0.2951209226666384
0.30199517204020193
0.30902954325135923
0.31622776601683794
0.3235936569296281
0.33113112148259144
0.33884415613920277
0.34673685045253166
0.3548133892335753
0.36307805477010174
0.3715352290971728
0.38018939632056126
0.3890451449942805
0.39810717055349776
0.407380277804113
0.41686938347033553
0.42657951880159256
0.43651583224016655
0.4466835921509635
0.4570881896148752
0.4677351412871981
0.47863009232263803
0.48977881936844664
0.5011872336272725
0.5128613839913648
0.5248074602497723
0.5370317963702532
0.5495408738576248
0.5623413251903491
0.5754399373371566
0.5888436553555896
0.6025595860743581
0.6165950018614822
0.630957344480193
0.6456542290346563
0.6606934480075964
0.6760829753919819
0.6918309709189363
0.7079457843841388
0.7244359600749906
0.7413102413009177
0.7585775750291835
0.7762471166286927
0.7943282347242822
0.8128305161640995
0.8317637711026709
0.8511380382023777
0.8709635899560815
0.8912509381337459
0.9120108393559097
0.9332543007969905
0.9549925860214369
0.9772372209558111
1.