5.027036362206487e-6
5.144127241000164e-6
5.263945335743972e-6
5.386554162928834e-6
5.512018718132843e-6
5.640405510454738e-6
5.771782597748458e-6
5.9062196226775625e-6
6.043787849608362e-6
6.184560202361544e-6
6.328611302841951e-6
6.476017510567064e-6
6.626856963115055e-6
6.781209617513814e-6
6.939157292592641e-6
7.100783712319227e-6
7.2661745501445125e-6
7.435417474379162e-6
7.608602194625317e-6
7.785820509288294e-6
7.967166354193243e-6
8.152735852332556e-6
8.342627364770069e-6
8.536941542729063e-6
8.735781380891457e-6
8.939252271936505e-6
9.147462062347449e-6
9.360521109515814e-6
9.578542340173405e-6
9.801641310182625e-6
0.000010029936265717084
0.000010263548205864184
0.000010502600946683116
0.000010747221186751725
0.00001099753857423715
0.000011253685775525087
0.000011515798545444317
0.000011784015799122965
0.000012058479685514973
0.000012339335662634872
0.00001262673257454083
0.00001292082273010634
0.000013221761983622195
0.000013529709817270854
0.000013844829425516882
0.000014167287801457528
0.000014497255825179371
0.000014834908354166843
0.00001518042431581068
0.00001553398680206442
0.000015895783166299498
0.00001626600512240873
0.00001664484884621117
0.000017032515079211077
0.000017429209234765532
0.00001783514150671682
0.000018250526980545928
0.00001867558574710584
0.000019110543018994555
0.000019555629249628208
0.000020011080255077126
0.000020477137338728833
0.000020954047418842517
0.000021442063159063075
0.000021941443101961785
0.00002245245180567417
0.000022975359983706428
0.000023510444647983916
0.00002405798925521562
0.000024618283856652173
0.00002519162525131477
0.00002577831714277597
0.000026378670299573327
0.000026993002719340334
0.000027621639796739763
0.000028264914495287753
0.000028923167523157476
0.000029596747513054432
0.000030286011206257223
0.00003099132364091903
0.0000317130583447291
0.00003245159753203312
0.000033207332305515566
0.00003398066286254961
0.000034771998706320574
0.00003558175886183351
0.00003641037209691693
0.00003725827714833673
0.00003812592295313909
0.000039013768885340434
0.00003992228499808869
0.000040851952271419826
0.000041803262865739876
0.00004277672038116136
0.000043772840122829784
0.00004479214937237649
0.000045835187665638825
0.00004690250707679003
0.000047994672509026055
0.00004911226199195881
0.00005025586698586943
0.000051426092692977716
0.000052623558375888056
0.00005384889768337554
0.00005510275898367927
0.00005638580570547518
0.00005769871668670135
0.000059042186531415187
0.000060416925974867305
0.00006182366225697503
0.00006326313950438971
0.00006473611912135152
0.0000662433801895307
0.00006778571987706153
0.0000693639538569738
0.00007097891673523704
0.0000726314624886358
0.00007432246491269527
0.00007605281807988779
0.00007782343680835005
0.00007963525714135006
0.00008148923683774431
0.00008338635587367548
0.00008532761695576125
0.00008731404604603367
0.00008934669289889486
0.00009142663161035607
0.00009355496117983801
0.00009573280608481337
0.00009796131686857837
0.00010024167074144992
0.00010257507219568517
0.00010496275363443084
0.00010740597601501846
0.00010990602950692082
0.00011246423416469886
0.00011508194061627209
0.00011776053076685082
0.00012050141851888248
0.00012330605050836228
0.00012617590685787053
0.00012911250194671208
0.00013211738519852866
0.00013519214188677264
0.0001383383939584362
0.00014155780087643616
0.00014485206048106281
0.00014822290987091564
0.0001516721263037466
0.00015520152811764856
0.00015881297567303673
0.00016250837231586876
0.0001662896653625716
0.00017015884710714458
0.00017411795585091727
0.000178169076955458
0.00018231434391912624
0.00018655593947778152
0.00019089609673017302
0.0001953371002885305
0.0001998812874549051
0.00020453104942380574
0.00020928883251169255
0.0002141571394139035
0.00021913853048958993
0.00022423562507525686
0.0002294511028275188
0.00023478770509567691
0.0002402482363247501
0.00024583556548959874
0.0002515526275607916
0.00025740242500287187
0.00026338802930570736
0.00026951258254959994
0.00027577929900485416
0.00028219146676652305
0.0002887524494250413
0.0002954656877734889
0.00030233470155222763
0.0003093630912316725
0.0003165545398339691
0.00032391281479436185
0.0003314417698630461
0.0003391453470483247
0.000347027578601879
0.000355092589046998
0.00036334459725061196
0.0003717879185399896
0.0003804269668649765
0.00038926625700665764
0.000398310406833341
0.0004075641396047846
0.00041703228632557915
0.0004267197881486254
0.0004366316988296643
0.00044677318723380916
0.00045714953989505527
0.0004677661636297657
0.0004786285882051072
0.0004897424690634557
0.0005011135901038006
0.000512747866521155
0.0005246513477050292
0.0005368302201980126
0.0005492908107155175
0.000562039589227772
0.0005750831721051173
0.0005884283253277066
0.0006020819677607099
0.0006160511744961045
0.000630343180262175
0.0006449653829018325
0.000659925346920869
0.000675230807107268
0.0006908896722227146
0.0007069100287674035
0.0007233001448193092
0.0007400684739490234
0.0007572236592113062
0.0007747745372144691
0.0007927301422687281
0.0008110997106146302
0.0008298926847326984
0.0008491187177353619
0.0008687876778423173
0.0008889096529403744
0.0009094949552288816
0.0009305541259517902
0.0009520979402174027
0.0009741374119068257
0.0009966837986721702
0.0010197486070254174
0.0010433435975189982
0.0010674807900189305
0.0010921724690714802
0.0011174311893641816
0.0011432697812820637
0.0011697013565598602
0.0011967393140309578
0.0012243973454738111
0.001252689441556411
0.0012816298978794883
0.0013112333211189263
0.0013415146352678813
0.001372489087979044
0.0014041722570073448
0.0014365800567533809
0.001469728744907776
0.0015036349291965036
0.0015383155742272458
0.0015737880084366418
0.0016100699311382572
0.001647179419670942
0.001685134936647177
0.0017239553373008189
0.0017636598769336306
0.0018042682184596702
0.0018458004400467036
0.0018882770428534004
0.001931718958861097
0.001976147558798677
0.0020215846601588897
0.0020680525353043155
0.0021155739196609385
0.0021641720199971327
0.002213870522785513
0.0022646936026450987
0.0023166659308607395
0.002369812683976694
0.0024241595524609034
0.002479732749436215
0.0025365590194745386
0.002594665647449688
0.0026540804674441104
0.0027148318717047475
0.0027769488196424967
0.002840460846869759
0.0029053980742699227
0.002971791217092373
0.0030396715940661616
0.0031090711365250817
0.003180022397536352
0.0032525585610248334
0.0033267134508840157
0.003402521540064673
0.003480017959631535
0.0035592385077776946
0.0036402196587861056
0.003722998571926702
0.0038076131002774244
0.003894101799456355
0.003982503936252089
0.004072859497138293
0.004165209196658085
0.004259594485663033
0.004356057559390878
0.004454641365365284
0.004555389611100399
0.004658346771591779
0.004763558096575055
0.00487106961753222
0.004980928154425141
0.005093181322134752
0.005207877536583478
0.005325066020517728
0.005444796808926302
0.005567120754069389
0.005692089530092413
0.005819755637197366
0.005950172405343839
0.006083393997450602
0.006219475412067803
0.006358472485488645
0.006500441893268513
0.006645441151118525
0.006793528615139091
0.006944763481358627
0.007099205784540857
0.007256916396223593
0.0074179570219505934
0.007582390197657114
0.007750279285168715
0.007921688466772119
0.00809668273881529
0.008275327904293885
0.0084576905643793
0.008643838108843298
0.008833838705333042
0.009027761287449618
0.009225675541582056
0.009427651892448761
0.009633761487296588
0.009844076178708326
0.010058668505967677
0.010277611674931152
0.010500979536355568
0.01072884656262946
0.010961287822856719
0.011198378956240424
0.011440196143715208
0.011686816077776045
0.011938315930452326
0.012194773319375801
0.01245626627189211
0.012722873187165872
0.012994672796230518
0.013271744119934826
0.01355416642473986
0.01384201917632048
0.01413538199092874
0.014434334584476717
0.014738956719299711
0.015049328148562436
0.015365528558273623
0.015687637506877117
0.016015734362391194
0.01634989823707028
0.01669020791956812
0.01703674180458418
0.01738957781998046
0.01774879335135958
0.018114465164100604
0.01848666932285373
0.01886548110850057
0.01925097493259367
0.019643224249292657
0.020042301464824212
0.020448277844496845
0.020861223417310695
0.021281206878209162
0.021708295488027197
0.022142554971199022
0.02258404941129742
0.02303284114448345
0.0234889906509572
0.02395255644450675
0.024423594960264104
0.024902160440785383
0.025388304820583126
0.025882077609248173
0.026383525773309737
0.026892693616991478
0.02740962266203318
0.027934351526756943
0.02846691580456844
0.029007347942093604
0.029555677117161942
0.030111929116857932
0.030676126215871877
0.031248287055392475
0.03182842652279146
0.03241655563236213
0.03301268140738054
0.03361680676376825
0.0342289303956427
0.03484904666304944
0.03547714548217635
0.03611321221835793
0.03675722758218072
0.03740916752900841
0.03806900316224664
0.03873670064067125
0.03941222109014637
0.04009552052005785
0.04078654974478941
0.041485254310564885
0.042191574427979835
0.04290544491054016
0.04362679511952128
0.04435554891545409
0.04509162461653666
0.04583493496426125
0.04658538709653559
0.047342882528566055
0.04810731714175508
0.04887858118085305
0.04965655925958615
0.05044113037496667
0.05123216793047057
0.052029539768249665
0.052833108210522145
0.05364273011026479
0.05445825691130417
0.05527953471788089
0.05610640437373489
0.05693870155073368
0.05777625684703585
0.05861889589475773
0.05946643947707843
0.06031870365469353
0.06117549990149437
0.06203663524932358
0.06290191244162527
0.06377113009578197
0.06464408287389697
0.06552056166175597
0.06640035375567067
0.0672832430568812
0.06816901027316612
0.06905743312728331
0.06994828657184084
0.07084134301017227
0.07173637252277003
0.07263314309880856
0.07353142087227038
0.07443097036217099
0.07533155471636364
0.07623293595838944
0.07713487523682834
0.07803713307659689
0.07893946963163002
0.0798416449383804
0.08074341916956346
0.0816445528875779
0.08254480729703169
0.08344394449580529
0.08434172772409276
0.08523792161086644
0.08613229241722241
0.08702460827607528
0.0879146394276843
0.08880215845050944
0.0896869404869143
0.090568763463249
0.09144740830387127
0.09232265913868315
0.09319430350378566
0.0940621325348795
0.09492594115306337
0.09578552824271233
0.09664069682114185
0.09749125419979605
0.09833701213672441
0.09917778698014179
0.10001339980289564
0.100843676527696
0.10166844804298901
0.10248755030938836
0.10330082445660638
0.10410811687085453
0.10490927927271171
0.10570416878548611
0.10649264799412231
0.10727458499473225
0.1080498534348512
0.10881833254454552
0.10957990715851983
0.11033446772939415
0.11108191033233956
0.11182213666128109
0.11255505401689353
0.11328057528663098
0.11399861891704796
0.11470910887867941
0.11541197462376195
0.11610715103708748
0.11679457838029045
0.11747420222987574
0.11814597340930252
0.11880984791544319
0.11946578683974085
0.12011375628439071
0.12075372727387215
0.12138567566215841
0.12200958203593086
0.12262543161412023
0.12323321414409687
0.123832923794827
0.12442455904730688
0.12500812258258176
0.1255836211676499
0.12615106553954494
0.12671047028788257
0.12726185373614893
0.1278052378219991
0.12834064797682673
0.12886811300485343
0.12938766496198015
0.12989933903463
0.1304031734188026
0.1308992091995508
0.13138749023107807
0.13186806301764586
0.13234097659546823
0.13280628241576267
0.13326403422911245
0.13371428797128798
0.13415710165066333
0.13459253523735307
0.13502065055418688
0.13544151116962652
0.13585518229272295
0.13626173067020045
0.13666122448574664
0.1370537332615762
0.1374393277623319
0.13781807990137324
0.13819006264949932
0.13855534994614271
0.13891401661306432
0.13926613827057296
0.13961179125628578
0.13995105254644064
0.14028399967976385
0.14061071068389325
0.1409312640043495
0.14124573843604432
0.14155421305731009
0.14185676716642937
0.14215348022064106
0.14244443177759408
0.14272970143921754
0.1430093687979717
0.14328351338544293
0.14355221462324103
0.14381555177615682
0.14407360390753426
0.14432644983681053
0.14457416809917487
0.1448168369072957
0.14505453411506475
0.14528733718330514
0.14551532314738952
0.14573856858671383
0.1459571495959716
0.14617114175817317
0.14638062011935327
0.1465856591649123
0.14678633279753342
0.1469827143166209
0.1471748763992025
0.14736289108224204
0.1475468297463054
0.14772676310052615
0.14790276116881682
0.14807489327727225
0.14824322804271248
0.14840783336231358
0.14856877640427513
0.14872612359947496
0.148879940634062
0.14903029244293922
0.14917724320408995
0.14932085633370243
0.149461194482047
0.14959831953006414
0.14973229258662002
0.14986317398638954
0.14999102328832736
0.15011589927468802
0.1502378599505591
0.1503569625438715
0.15047326350585224
0.15058681851188757
0.1506976824627635
0.15080590948625533
0.15091155293903488
0.1510146654088699
0.15111529871708734
0.15121350392127658
0.15130933131820817
0.15140283044694505
0.1514940500921254
0.1515830382873958
0.15166984231897648
0.15175450872933935
0.15183708332098228
0.15191761116028338
0.15199613658141956
0.15207270319033553
0.1521473538687496
0.15222013077818283
0.15229107536400024
0.15236022835945257
0.15242762978970684
0.15249331897585636
0.1525573345388999
0.15261971440368005
0.1526804958027712
0.1527397152803094
0.15279740869575295
0.15285361122756586
0.15290835737681485
0.15296168097066987
0.1530136151657987
0.15306419245164593
0.15311344465358465
0.15316140293593022
0.1532080978048043
0.15325355911083532
0.15329781605168263
0.15334089717436844
0.1533828303774021
0.15342364291267893
0.153463361387134
0.1535020117641322
0.15353961936456945
0.1535762088676637
0.15361180431140706
0.15364642909265286
0.15368010596680456
0.15371285704707527
0.15374470380328065
0.1537756670601267
0.15380576699495085
0.15383502313487077
0.1538634543532923
0.15389107886572506
0.15391791422484827
0.15394397731476742
0.15396928434439683
0.15399385083989858
0.15401769163610343
0.154040820866834
0.15406325195404516
0.15408499759568997
0.15410606975221391
0.15412647963157264
0.15414623767266178
0.15416535352703983
0.1541838360388159
0.15420169322256738
0.15421893223914082
0.15423555936918187
0.154251579984228
0.15426699851518685
0.15428181841801172
0.1542960421363723
0.15430967106110496
0.1543227054862136
0.1543351445611748
0.154346986239286
0.15435822722177736
0.1543688628973887
0.1543788872770934
0.15438829292362996
0.15439707087547858
0.15440521056489626
0.15441269972959834
0.15441952431764625
0.15442566838507304
0.15443111398574638
0.15443584105293556
0.15443982727201586
0.15444304794370323
0.15444547583717647
0.15444708103239926
0.15444783075091267
0.15444768917432047
0.15444661724964115
0.15444457248064863
0.15444150870426843
0.1544373758510397
0.15443211968859227
0.15442568154702513
0.15441799802500747
0.15440900067535437
0.1543986156687571
0.15438676343427638
0.15437335827512813
0.15435830795821515
0.1543415132757766
0.15432286757744665
0.1543022562709304
0.15427955628942433
0.15425463552382424
0.15422735221768497
0.15419755432281848
0.1541650788133406
0.15412975095591183
0.1540913835338532
0.1540497760227697
0.15400471371527227
0.15395596679236573
0.15390328933906516
0.1538464183018179
0.15378507238535333
0.15371895088665744
0.15364773246388147
0.15357107383815466
0.15348860842647682
0.15339994490414202
0.15330466569548157
0.153202325392139
0.15309244909860276
0.1529745307053455
0.15284803109065812
0.15271237625314693
0.15256695537789533
0.1524111188404961
0.1522441761545617
0.15206539386993367
0.1518739934306663
0.1516691490039729
0.15144998529372514
0.15121557535480468
0.15096493842765327
0.15069703781576463
0.15041077883264067
0.15010500684890035
0.14977850547480123
0.14942999491840714
0.14905813056501374
0.14866150182919732
0.1482386313369568
0.14778797450181744
0.1473079195653822
0.1467967881795565
0.14625283661439137
0.14567425768203257
0.14505918347340946
0.14440568900980016
0.14371179691596422
0.14297548322478681
0.14219468442492764
0.14136730586235483
0.14049123160336754
0.13956433586022726
0.13858449607026094
0.13754960770469005
0.1364576008639067
0.1353064586909536
0.13409423760411318
0.1328190893124737
0.13147928453495902
0.1300732382936902
0.12859953659704895
0.12705696426717114
0.1254445336019011
0.12376151349404658
0.12200745856307446
0.12018223778863107
0.11828606207434678
0.11631951011749783
0.11428355191876105
0.11217956924005384
0.11000937231081893
0.1077752120972232
0.10547978748721666
0.10312624680898087
0.10071818319170243
0.09825962339521087
0.09575500987680971
0.0932091760260392
0.09062731467613871
0.08801494018825717
0.0853778445936114
0.08272204846169957
0.08005374733105132
0.07737925468478117
0.07470494256923177
0.07203718103433081
0.0693822776148122
0.06674641807001816
0.06413560955671069
0.06155562732641531
0.05901196592060841
0.056509795689503727
0.0540539252906038
0.05164877063959834
0.04929833059693342