5.0270363622069715e-6
5.144127241000681e-6
5.263945335744525e-6
5.3865541629294295e-6
5.512018718133482e-6
5.64040551045542e-6
5.7717825977491894e-6
5.9062196226783486e-6
6.043787849609203e-6
6.184560202362445e-6
6.328611302842915e-6
6.476017510568099e-6
6.626856963116163e-6
6.781209617515001e-6
6.939157292593913e-6
7.100783712320589e-6
7.266174550145971e-6
7.435417474380729e-6
7.6086021946269945e-6
7.785820509290093e-6
7.96716635419517e-6
8.152735852334618e-6
8.342627364772278e-6
8.53694154273143e-6
8.735781380893994e-6
8.939252271939224e-6
9.147462062350364e-6
9.360521109518938e-6
9.57854234017675e-6
9.801641310186211e-6
0.000010029936265720928
0.000010263548205868302
0.000010502600946687527
0.000010747221186756452
0.000010997538574242214
0.000011253685775530515
0.000011515798545450133
0.000011784015799129196
0.00001205847968552165
0.000012339335662642028
0.000012626732574548499
0.000012920822730114552
0.000013221761983630996
0.00001352970981728028
0.000013844829425526987
0.000014167287801468352
0.000014497255825190974
0.000014834908354179276
0.000015180424315824002
0.000015533986802078695
0.0000158957831663148
0.00001626600512242512
0.00001664484884622873
0.00001703251507922989
0.000017429209234785692
0.000017835141506738423
0.00001825052698056907
0.000018675585747130646
0.000019110543019021128
0.00001955562924965669
0.000020011080255107636
0.00002047713733876153
0.00002095404741887755
0.00002144206315910062
0.00002194144310200201
0.000022452451805717263
0.000022975359983752615
0.000023510444648033403
0.000024057989255268645
0.000024618283856708996
0.000025191625251375658
0.0000257783171428412
0.000026378670299643228
0.00002699300271941523
0.000027621639796820018
0.000028264914495373747
0.00002892316752324962
0.00002959674751315317
0.00003028601120636302
0.000030991323641032385
0.000031713058344850564
0.00003245159753216326
0.00003320733230565502
0.00003398066286269904
0.000034771998706480684
0.00003558175886200507
0.00003641037209710076
0.000037258277148533705
0.00003812592295335015
0.00003901376888556658
0.00003992228499833102
0.00004085195227167947
0.00004180326286601809
0.000042776720381459466
0.000043772840123149224
0.00004479214937271876
0.000045835187666005576
0.00004690250707718299
0.00004799467250944714
0.00004911226199240999
0.00005025586698635286
0.000051426092693495713
0.00005262355837644311
0.00005384889768397026
0.00005510275898431651
0.000056385805706158004
0.000057698716687432994
0.00005904218653219913
0.000060416925975707324
0.0000618236622578751
0.00006326313950535413
0.00006473611912238489
0.00006624338019063796
0.00006778571987824797
0.00006936395385824504
0.00007097891673659917
0.00007263146249009534
0.00007432246491425913
0.00007605281808156347
0.00007782343681014555
0.00007963525714327392
0.00008148923683980572
0.00008338635587588425
0.00008532761695812797
0.00008731404604856955
0.00008934669290161204
0.00009142663161326752
0.0000935549611829576
0.000095732806088156
0.00009796131687215992
0.00010024167074528754
0.00010257507219979713
0.00010496275363883674
0.0001074059760197393
0.00010990602951197912
0.00011246423417011879
0.00011508194062207943
0.00011776053077307328
0.00012050141852554972
0.0001233060505155061
0.00012617590686552497
0.0001291125019549137
0.00013211738520731652
0.0001351921418961886
0.00013833839396852523
0.00014155780088724628
0.00014485206049264562
0.00014822290988332625
0.00015167212631704422
0.00015520152813189658
0.00015881297568830308
0.00016250837233222615
0.00016628966538009796
0.0001701588471259236
0.00017411795587103825
0.00017816907697701693
0.0001823143439422258
0.00018655593950253185
0.00019089609675669198
0.00019533710031694447
0.00019988128748534942
0.00020453104945642554
0.00020928883254664314
0.00021415713945135146
0.00021913853052971352
0.0002242356251182473
0.00022945110287358078
0.0002347877051450299
0.00024024823637762904
0.0002458355655462555
0.0002515526276214959
0.0002574024250679129
0.0002633880293753948
0.00026951258262426553
0.00027577929908485327
0.0002821914668522366
0.00028875244951687736
0.00029546568787188447
0.00030233470165765117
0.0003093630913446256
0.0003165545399549895
0.00032391281492402527
0.0003314417700019697
0.00033914534719716924
0.00034702757876135267
0.0003550925892178595
0.0003633445974336741
0.0003717879187361228
0.00038042696707511384
0.00038926625723179845
0.00039831040707455557
0.00040756413986322025
0.0004170322866024641
0.00042671978844527624
0.000436631699147491
0.00044677318757432226
0.000457149540259873
0.00046776616402062184
0.00047862858862385884
0.0004897424695120919
0.0005011135905844531
0.0005127478670361065
0.0005246513482567252
0.0005368302207890729
0.000549290811348749
0.0005620395899061806
0.0005750831728319232
0.0005884283261063597
0.0006020819685949054
0.0006160511753898006
0.0006303431812196117
0.0006449653839275516
0.0006599253480197352
0.0006752308082844927
0.0006908896734838796
0.0007069100301184875
0.0007233001462667164
0.0007400684754996133
0.0007572236608724261
0.0007747745389939893
0.000792730144175077
0.0008110997126568365
0.0008298926869204318
0.0008491187200789797
0.0008687876803529121
0.0008889096556298272
0.0009094949581099167
0.0009305541290380361
0.0009520979435234548
0.0009741374154483166
0.000996683802465841
0.001019748611089198
0.0010433436018720899
0.0010674807946818969
0.0010921724740663432
0.0011174311947145252
0.001143269787013144
0.0011697013626987226
0.0011967393206065643
0.0012243973525171766
0.0012526894491007464
0.0012816299059603574
0.0013112333297744102
0.0013415146445387564
0.0013724890979089734
0.00140417226764308
0.0014365800681449803
0.0014697287571088385
0.0015036349422644156
0.001538315588223452
0.001573788023426927
0.0016100699471930536
0.0016471794368656545
0.0016851349550625343
0.001723955357023247
0.0017636598980556538
0.0018042682410803366
0.0018458004642720467
0.0018882770687969255
0.0019317189866443077
0.0019761475885516355
0.0020215846920208134
0.0020680525694242225
0.00211557395619833
0.002164172059122727
0.0022138705646820318
0.0022646936475081013
0.0023166659788995242
0.0023698127354152545
0.002424159607538953
0.0024797328084102846
0.002536559082619146
0.0025946657150585934
0.0026540805398316512
0.002714831949207272
0.0027769489026198938
0.002840460935707092
0.0029053981693791748
0.0029717913189143187
0.0030396717030723567
0.003109071253219998
0.0031800225224596543
0.003252558694753811
0.0033267135940361825
0.003402521693300547
0.0034800181236576016
0.0035592386833495724
0.0036402198467119346
0.0037229987730707545
0.0038076133155639613
0.0038941020298737454
0.003982504182857214
0.004072859761061234
0.004165209479107136
0.00425959478793006
0.00435605788285702
0.0044546417115070465
0.004555389981496165
0.0046583471679287405
0.004763558520656619
0.004871070071285907
0.004980928639911009
0.005093181841554377
0.005207878092289549
0.0053250666150242605
0.005444797444919527
0.0055671214344193845
0.005692090257865479
0.005819756415669234
0.005950173238013729
0.006083394888056232
0.006219476364601355
0.00635847350421379
0.0065004429827385446
0.006645442316195676
0.006793529861015094
0.0069447648135766244
0.007099207209018726
0.007256917919278762
0.007417958650326475
0.007582391938551227
0.00775028114626261
0.007921690456263215
0.00809668486545075
0.00827533017740664
0.008457692993926347
0.008643840705446435
0.008833841480322178
0.009027764252908785
0.009225678710398321
0.009427655278364174
0.009633765104963402
0.009844080043747616
0.0100586726350316
0.010277616085769027
0.010500984247884055
0.010728851595006994
0.010961293197562514
0.011198384696158276
0.01144020227322235
0.011686822622837389
0.011938322918720353
0.01219478078029641
0.01245627423681681
0.012722881689470581
0.012994681871441418
0.013271753805861571
0.01355417676161661
0.013842030206955128
0.01413539376086078
0.014434347142144213
0.014738970116215836
0.015049342439502093
0.015365543801470607
0.015687653764232458
0.01601575169969312
0.016349916724226497
0.016690227630850908
0.01703676281888904
0.017389600221098898
0.01774881722826669
0.018114490611258242
0.0184866964405299
0.018865510003105868
0.01925100571703551
0.01964325704334807
0.020042336395532132
0.02044831504657066
0.020861263033571942
0.02128124906004335
0.021708340395862624
0.022142602775009564
0.022584100291130255
0.023032895291012788
0.023489048266064974
0.02395261774189136
0.024423660166078283
0.02490222979430427
0.02538837857490369
0.02588215603202106
0.02638360914750477
0.026892782241697877
0.027409716853295806
0.027934451618449593
0.0284670221493055
0.0290074609121813
0.02955579710559022
0.030112056538334358
0.03067626150789866
0.03124843067938784
0.03182857896525653
0.03241671740609456
0.033012853052736005
0.033616988849970914
0.03422912352214588
0.03484925146094745
0.03547736261566856
0.03611344238626621
0.036757471519521065
0.037409426008617776
0.038069276996465784
0.03873699068308449
0.039412528237378945
0.04009584571363148
0.040786893973036795
0.0414856186106037
0.042191959887746405
0.04290585267088342
0.04362722637635719
0.04435600492198055
0.04509210668550912
0.04583544447032885
0.04658592547863769
0.04734345129238877
0.048107917862247496
0.048879215504802544
0.04965722890825198
0.0504418371467713
0.051232913703747475
0.052030326504046764
0.052833937955459424
0.05364360499944496
0.05445917917127465
0.05528050666964565
0.056107428435814254
0.0569397802422701
0.05777739279094394
0.05862009182091585
0.059467698225559924
0.06032002817903505
0.06117689327199864
0.062038100656393924
0.06290345319912932
0.0637727496444413
0.06464578478469991
0.06552234963939041
0.06640223164197354
0.06728521483430154
0.06817108006823835
0.06905960521410691
0.06995056537556348
0.07084373311047228
0.07173887865733512
0.07263577016680679
0.07353417393780955
0.07443385465774317
0.07533457564627088
0.07623609910214664
0.07713818635254005
0.07804059810430362
0.07894309469662125
0.07984543635446938
0.08074738344232114
0.08164869671752185
0.08254913758276634
0.08344846833711028
0.08434645242495538
0.08524285468245524
0.08613744158079849
0.08702998146583744
0.08792024479354575
0.08880800436080212
0.08969303553101826
0.09057511645414358
0.09145402828060546
0.09232955536876215
0.09320148548547098
0.09406960999939995
0.09493372406673453
0.09579362680896165
0.09664912148243751
0.0975000156394766
0.09834612128072734
0.09918725499862832
0.10002323811177016
0.10085389679001688
0.10167906217026954
0.10249857046278506
0.1033122630479925
0.10411998656377668
0.10492159298322691
0.10571693968287743
0.1065058895014903
0.10728831078945993
0.10806407744893995
0.10883306896481924
0.10959517042669495
0.1103502725420123
0.11109827164056016
0.11183906967053096
0.11257257418637016
0.11329869832865634
0.11401736079626933
0.1147284858111137
0.11543200307567981
0.11612784772373351
0.11681596026443497
0.11749628652019453
0.11816877755857982
0.11883338961859342
0.11949008403164471
0.1201388271375402
0.12077959019581996
0.12141234929276641
0.12203708524441187
0.12265378349586821
0.12326243401729939
0.12386303119685418
0.1244555737308712
0.12504006451166205
0.12561651051317405
0.12618492267482415
0.12674531578379167
0.12729770835604562
0.1278421225163759
0.1283785838776891
0.1289071214198173
0.12942776736808276
0.12994055707184685
0.13044552888326474
0.13094272403645554
0.13143218652728722
0.13191396299396496
0.13238810259860126
0.1328546569099361
0.1333136797873629
0.13376522726640885
0.13420935744580473
0.1346461303762706
0.13507560795113494
0.13549785379889207
0.13591293317779668
0.13632091287258183
0.13672186109338028
0.1371158473769184
0.13750294249004494
0.13788321833564762
0.13825674786100323
0.13862360496860002
0.13898386442946212
0.13933760179900118
0.13968489333541165
0.14002581592062244
0.14036044698380865
0.14068886442746453
0.14101114655603159
0.1413273720070717
0.1416376196849705
0.14194196869715078
0.14224049829277416
0.14253328780390265
0.14282041658909006
0.14310196397936978
0.14337800922660235
0.14364863145414292
0.1439139096097882
0.14417392242095733
0.1444287483520631
0.1446784655640239
0.14492315187586852
0.1451628847283835
0.14539774114975082
0.14562779772312406
0.1458531305560897
0.14607381525195925
0.1462899268828385
0.14650153996441828
0.14670872843243282
0.1469115656207299
0.1471101242408981
0.14730447636339603
0.14749469340012997
0.1476808460884236
0.1478630044763286
0.14804123790922005
0.14821561501762615
0.14838620370623906
0.14855307114405514
0.14871628375559476
0.14887590721315158
0.14903200643002218
0.149184645554668
0.14933388796576294
0.14947979626808
0.14962243228917227
0.14976185707680395
0.14989813089708892
0.15003131323329438
0.1501614627852691
0.15028863746945714
0.1504128944194572
0.15053428998709223
0.15065287974395078
0.15076871848336731
0.15088186022280556
0.15099235820661386
0.15110026490911965
0.15120563203803333
0.15130851053813185
0.15140895059519394
0.15150700164016004
0.15160271235349063
0.15169613066969798
0.151787303782028
0.15187627814726887
0.15196309949066442
0.15204781281091218
0.1521304623852255
0.15221109177444095
0.1522897438281529
0.1523664606898584
0.1524412838020948
0.1525142539115558
0.1525854110741699
0.15265479466012716
0.15272244335884033
0.15278839518382809
0.15285268747750594
0.1529153569158738
0.1529764395130879
0.153035970625905
0.15309398495798765
0.15315051656405895
0.15320559885389567
0.15325926459614767
0.1533115459219728
0.153362474328475
0.15341208068193282
0.15346039522080737
0.15350744755851428
0.15355326668594765
0.15359788097374008
0.15364131817424348
0.15368360542321455
0.1537247692411855
0.15376483553450285
0.15380382959601177
0.15384177610536462
0.15387869912892904
0.1539146221192703
0.15394956791417821
0.1539835587352098
0.15401661618571325
0.15404876124829792
0.15408001428171236
0.15411039501708707
0.15413992255349818
0.15416861535280302
0.1541964912336941
0.15422356736491588
0.1542498602575827
0.1542753857565318
0.15430015903064134
0.154324194562036
0.15434750613409975
0.15437010681820634
0.15439200895907443
0.1544132241586447
0.15443376325837135
0.15445363631981054
0.15447285260338156
0.1544914205451666
0.15450934773160585
0.1545266408719347
0.15454330576819902
0.15455934728267265
0.15457476930248967
0.15458957470129042
0.15460376529766695
0.15461734181017792
0.15463030380868845
0.1546426496617723
0.15465437647989744
0.15466548005409533
0.1546759547897946
0.15468579363547993
0.1546949880058106
0.1547035276988113
0.15471140080672122
0.1547185936200589
0.15472509052443206
0.1547308738895891
0.15473592395017702
0.1547402186776345
0.15474373364261138
0.15474644186726655
0.1547483136667547
0.15474931647916682
0.15474941468314393
0.1547485694023328
0.15474673829580127
0.1547438753334757
0.1547399305556046
0.1547348498151939
0.15472857450229419
0.15472104124895505
0.15471218161359357
0.15470192174345052
0.15469018201373638
0.15467687664199073
0.1546619132761013
0.15464519255434822
0.154626607635758
0.15460604369896844
0.15458337740772354
0.1545584763410363
0.15453119838597404
0.15450139109094693
0.154468890977303
0.15443352280696643
0.154395098803795
0.15435341782628098
0.15430826448918064
0.1542594082316342
0.154206602329333
0.1541495828483064
0.15408806753794815
0.154021754660975
0.15395032175812834
0.1538734243455875
0.15379069454327543
0.15370173963251166
0.15360614054181054
0.15350345026004816
0.15339319217674013
0.15327485834979804
0.15314790770187986
0.1530117641473328
0.15286581465276833
0.15270940723552198
0.15254184890565958
0.1523624035588157
0.15217028982901418
0.1519646789127481
0.1517446923780088
0.15150939997468066
0.1512578174657783
0.15098890450241956
0.15070156256922435
0.15039463303101563
0.15006689531629058
0.14971706527792672
0.14934379377698606
0.1489456655412573
0.14852119835630237
0.14806884265319184
0.14758698156374966
0.1470739315208826
0.14652794348829967
0.1459472049104749
0.14532984247984854
0.1446739258237556
0.1439774722180988
0.14323845243800173
0.1424547978571729
0.14162440890702735
0.1407451650032459
0.13981493604085293
0.1388315955484993
0.13779303557786443
0.13669718338436884
0.13554201993021056
0.1343256002096504
0.13304607535917615
0.1317017164715273
0.13029093998266508
0.12881233444500484
0.1272646884393288
0.12564701931287567
0.12395860236373156
0.122199000023834
0.12036809052710809
0.11846609548839403
0.11649360576611852
0.11445160494062591
0.11234148971428193
0.11016508653239954
0.10792466373884549
0.10562293861947611
0.10326307875203244
0.100848697173488
0.09838384099441472
0.09587297323266018
0.09332094780189074
0.09073297776930399
0.08811459718463059
0.08547161697201001
0.08281007555929445
0.08013618508750243
0.07745627418845571
0.07477672843392838
0.0721039296390323
0.06944419524197822
0.06680371897969199
0.06418851403420366
0.061604359740565905
0.059056752827670436
0.05655086401473617
0.054091500615794236
0.05168307562026338
0.049329583528031545