5.027036362208069e-6
5.144127241001859e-6
5.263945335745789e-6
5.386554162930782e-6
5.512018718134929e-6
5.6404055104569735e-6
5.771782597750852e-6
5.90621962268013e-6
6.043787849611112e-6
6.184560202364492e-6
6.32861130284511e-6
6.476017510570449e-6
6.626856963118682e-6
6.7812096175177e-6
6.939157292596804e-6
7.100783712323688e-6
7.2661745501492915e-6
7.4354174743842875e-6
7.608602194630806e-6
7.785820509294174e-6
7.967166354199547e-6
8.152735852339309e-6
8.342627364777303e-6
8.536941542736815e-6
8.735781380899763e-6
8.939252271945408e-6
9.147462062356986e-6
9.360521109526034e-6
9.578542340184356e-6
9.801641310194363e-6
0.000010029936265729657
0.000010263548205877657
0.000010502600946697554
0.000010747221186767194
0.000010997538574253725
0.000011253685775542847
0.000011515798545463347
0.000011784015799143355
0.000012058479685536825
0.000012339335662658284
0.00001262673257456592
0.000012920822730133219
0.000013221761983650997
0.000013529709817301713
0.000013844829425549952
0.000014167287801492963
0.000014497255825217342
0.00001483490835420753
0.000015180424315854273
0.000015533986802111133
0.00001589578316634955
0.000016266005122462363
0.000016644848846268637
0.00001703251507927265
0.00001742920923483151
0.00001783514150678752
0.000018250526980621676
0.000018675585747187014
0.00001911054301908153
0.000019555629249721405
0.000020011080255176984
0.000020477137338835837
0.000020954047418957175
0.000021442063159185932
0.00002194144310209342
0.000022452451805815214
0.000022975359983857572
0.000023510444648145865
0.000024057989255389147
0.000024618283856838114
0.000025191625251514012
0.000025778317142989455
0.000026378670299802084
0.000026993002719585445
0.0000276216397970024
0.00002826491449556917
0.00002892316752345902
0.000029596747513377538
0.00003028601120660344
0.00003099132364129
0.00003171305834512659
0.00003245159753245904
0.00003320733230597194
0.00003398066286303862
0.000034771998706844556
0.00003558175886239495
0.000036410372097518534
0.000037258277148981344
0.000038125922953829796
0.00003901376888608054
0.000039922284998881714
0.00004085195227226955
0.00004180326286665036
0.00004277672038213695
0.00004377284012387514
0.00004479214937349659
0.00004583518766683903
0.000046902507078076034
0.000047994672510404036
0.00004911226199343531
0.00005025586698745151
0.000051426092694672906
0.000052623558377704474
0.000053848897685321825
0.00005510275898576473
0.000056385805707709755
0.000057698716689095686
0.00005904218653398073
0.00006041692597761629
0.00006182366225992056
0.00006326313950754585
0.00006473611912473331
0.00006624338019315427
0.0000677857198809442
0.00006936395386113406
0.00007097891673969475
0.00007263146249341221
0.00007432246491781318
0.00007605281808537162
0.00007782343681422595
0.00007963525714764606
0.00008148923684449045
0.00008338635588090389
0.00008532761696350647
0.00008731404605433257
0.00008934669290778709
0.00009142663161988401
0.0000935549611900471
0.00009573280609575232
0.0000979613168802993
0.00010024167075400879
0.00010257507220914184
0.00010496275364884947
0.0001074059760304678
0.00010990602952347457
0.00011246423418243595
0.00011508194063527709
0.00011776053078721434
0.00012050141854070161
0.00012330605053174107
0.00012617590688292042
0.00012911250197355253
0.00013211738522728763
0.00013519214191758724
0.0001383383939914533
0.00014155780091181313
0.0001448520605189684
0.00014822290991153042
0.00015167212634726416
0.00015520152816427636
0.00015881297572299706
0.00016250837236939968
0.00016628966541992822
0.0001701588471686003
0.00017411795591676493
0.00017816907702601138
0.00018231434399472153
0.00018655593955877896
0.0001908960968169585
0.00019533710038151754
0.00019988128755453677
0.00020453104953055664
0.00020928883262607122
0.00021415713953645485
0.00021913853062089769
0.00022423562521594646
0.00022945110297826042
0.00023478770525718842
0.0002402482364978008
0.0002458355656750126
0.00025155262775945157
0.000257402425215724
0.00026338802953376506
0.0002695125827939491
0.00027577929926665803
0.0002821914670470279
0.0002887524497255824
0.00029546568809549683
0.00030233470189723507
0.00030936309160132125
0.0003165545402300185
0.00032391281521869657
0.0003314417703176852
0.00033914534753543116
0.00034702757912377023
0.00035509258960615697
0.00036334459784969833
0.00037178791918185275
0.0003804269675526693
0.0003892662577434503
0.0003983104076227372
0.0004075641404505377
0.00041703228723170995
0.0004267197891194417
0.00043663169986978055
0.00044677318834816907
0.0004571495410889545
0.000467766164908878
0.0004786285895755099
0.0004897424705316595
0.00050111359167678
0.0005127478682063816
0.0005246513495105064
0.000536830222132314
0.0005492908127878278
0.0005620395914479295
0.0005750831744836608
0.0005884283278759258
0.0006020819704906975
0.0006160511774208146
0.0006303431833954838
0.0006449653862586032
0.0006599253505170228
0.0006752308109598591
0.0006908896763500104
0.0007069100331889707
0.0007233001495561065
0.0007400684790234999
0.0007572236646475067
0.0007747745430381492
0.0007927301485074737
0.0008110997172979877
0.0008298926918923146
0.0008491187254051318
0.0008687876860585445
0.0008889096617419412
0.0009094949646574321
0.0009305541360519256
0.0009520979510368906
0.0009741374234968259
0.0009966838110874725
0.0010197486203247007
0.0010433436117651042
0.0010674808052791589
0.001092172485417904
0.001117431206873985
0.0011432698000379033
0.0011697013766502503
0.0011967393355506867
0.0012243973685243826
0.0012526894662465197
0.001281629924325527
0.001311233349445528
0.0013415146656085026
0.0013724891204765866
0.0014041722918148208
0.0014365800940346265
0.0014697287848382137
0.0015036349719639577
0.0015383156200328174
0.001573788057495642
0.001610069983681206
0.0016471794759446404
0.00168513499691585
0.0017239554018473407
0.0017636599460608337
0.0018042682924917478
0.0018458005193307098
0.0018882771277608506
0.0019317190497896877
0.0019761476561741182
0.002021584764436867
0.0020680526469725926
0.0021155740392415985
0.002164172148048982
0.0022138706599066477
0.0022646937494756494
0.0023166660880858093
0.0023698128523294963
0.00242415973272612
0.002479732942453584
0.002536559226142689
0.0025946658687302456
0.002654080704366079
0.002714832125369195
0.002776949091227568
0.0028404611376360266
0.002905398385566109
0.002971791550361468
0.003039671950851953
0.0031090715184791417
0.0031800228064254935
0.0032525589987390854
0.0033267139194451314
0.0034025220416352333
0.0034800184965246626
0.003559239082467431
0.003640220273918499
0.0037229992303316403
0.003807613804981279
0.0038941025536954788
0.003982504743487229
0.00407286036106997
0.004165210121243024
0.004259595475131699
0.004356058618266182
0.004454642498482551
0.004555390823628693
0.004658348069056637
0.004763559484882745
0.004871071102995639
0.004980929743791421
0.00509318302261471
0.005207879355883042
0.005325067966871423
0.0054447988911329745
0.005567122981530296
0.005692091912851813
0.005819758185985809
0.005950175131624277
0.006083396913467558
0.00621947853089975
0.006358475821103807
0.006500445460584316
0.00664544496606493
0.006793532694726024
0.006944767843747807
0.007099210449122262
0.007256921383696859
0.007417962354411665
0.007582395898690476
0.0077502853799455125
0.007921694982154564
0.008096689703467743
0.00827533534880098
0.00845769852137157
0.00864384661313076
0.008833847794047202
0.009027771000194404
0.009225685920594228
0.00942766298276834
0.009633773336947916
0.00984408883889237
0.010058682031266239
0.010277626123523693
0.01050099497024936
0.01072886304790384
0.010961305429922259
0.011198397760113884
0.011440216224311132
0.011686837520215971
0.01193833882539259
0.01219479776335497
0.012456292367699136
0.012722901044230102
0.012994702531034774
0.013271775856452776
0.013554200294899031
0.01384205532049226
0.014135420558446805
0.014434375734185403
0.014739000620133875
0.015049374980160483
0.015365578511625315
0.01568769078500808
0.01601579118108584
0.016349958825635186
0.016690272521637784
0.017036810678971292
0.017389651241572872
0.017748871612066158
0.01811454857384835
0.01848675821063858
0.018865575823494393
0.019251075845310012
0.01964333175281394
0.020042415976093162
0.02044839980567498
0.020861353297206845
0.021281345173780976
0.021708442725958885
0.02214271170955838
0.022584216241275525
0.023033018692220377
0.023489179579457158
0.023952757455646234
0.024423808796896592
0.024902387888946324
0.025388546711798875
0.02588233482295277
0.026383799239373333
0.026892984318364302
0.02740993163750913
0.02793467987386065
0.028467264682569948
0.029007718575154728
0.02955607079761838
0.030112347208641203
0.030676570158075202
0.031248758365984723
0.0318289268024832
0.03241708656862777
0.03301324477864075
0.033617404443736336
0.03422956435783907
0.034849718985487756
0.03547785835222518
0.03611396793778151
0.036758028572362156
0.03741001633635886
0.03806990246380345
0.038737653249888225
0.03941322996287881
0.040096588760745136
0.040787680612837475
0.04148645122693072
0.04219284098195987
0.04290678486676433
0.04362821242515401
0.04435704770760321
0.045093209229871076
0.04583660993883778
0.046587157185834976
0.04734475270773784
0.04810929261607074
0.048880667394366334
0.04965876190399906
0.05044345539869949
0.05123462154793341
0.05203212846931304
0.052835838770183406
0.053645609598507046
0.054461292703143475
0.055282734503597684
0.05610977616928472
0.056942253708331905
0.05777999806591104
0.05862283523206736
0.05947058635898076
0.06032306788756863
0.06118009168330742
0.06204146518112245
0.0629069915391651
0.06377646980126798
0.06464969506783749
0.06552645867491647
0.06640654838112017
0.0672897485621215
0.06817584041233449
0.06906460215341893
0.06995580924920514
0.07084923462661331
0.07174464890212083
0.07264182061330915
0.07354051645500347
0.07444050151950103
0.07534153954036926
0.07624339313927876
0.0771458240753275
0.07804859349630132
0.07895146219130926
0.07985419084422589
0.08075654028737066
0.08165827175485275
0.08255914713501249
0.08345892922139113
0.08435738196166984
0.08525427070402386
0.08614936244034954
0.08704242604583261
0.08793323251434053
0.08882155518913763
0.08970716998844024
0.09058985562534515
0.09146939382169031
0.09234556951542514
0.09321817106109317
0.0940869904230558
0.0949518233611082
0.09581246960817104
0.09666873303976316
0.09752042183499457
0.09836734862884342
0.099209330655513
0.1000461898826922
0.10087775313657484
0.10170385221751949
0.10252432400626399
0.1033390105606359
0.10414775920272906
0.10495042259654493
0.10574685881612364
0.10653693140421672
0.10732050942158024
0.1080974674869885
0.10886768580809557
0.10963105020329174
0.11038745211472492
0.11113678861267552
0.11187896239149281
0.11261388175731817
0.11334146060783575
0.11406161840430731
0.11477428013615869
0.11547937627839898
0.11617684274216379
0.11686662081868229
0.117548657116975
0.11822290349559683
0.11888931698874361
0.1195478597270451
0.12019849885336882
0.12084120643396083
0.12147595936524994
0.12210273927664066
0.12272153242961761
0.12333232961348184
0.12393512603803526
0.12452992122352527
0.12511671888815382
0.12569552683345261
0.12626635682781523
0.12682922448847214
0.12738414916218554
0.1279311538049307
0.12847026486082527
0.12900151214055408
0.12952492869953078
0.1300405507160254
0.13054841736947798
0.13104857071920714
0.1315410555837133
0.13202591942076378
0.1325032122084382
0.13297298632730126
0.1334352964438596
0.1338901993954491
0.13433775407668863
0.13477802132762634
0.13521106382369463
0.13563694596757994
0.13605573378310443
0.13646749481120712
0.13687229800810347
0.13727021364569247
0.13766131321427455
0.13804566932763182
0.1384233556305182
0.13879444670859653
0.1391590180008546
0.13951714571452398
0.1398689067425197
0.14021437858341335
0.14055363926394387
0.14088676726406815
0.14121384144454627
0.141534940977051
0.14185014527678919
0.1421595339376151
0.1424631866696144
0.14276118323913298
0.1430536034112207
0.14334052689445878
0.14362203328813508
0.14389820203172946
0.1441691123566702
0.1444348432403183
0.14469547336213662
0.14495108106199805
0.1452017443005859
0.14544754062183793
0.14568854711738552
0.1459248403929376
0.14615649653655816
0.14638359108878696
0.14660619901455085
0.1468243946768143
0.14703825181191704
0.14724784350654635
0.14745324217629271
0.14765451954573608
0.14785174663001252
0.14804499371780924
0.14823433035573788
0.14841982533403564
0.14860154667354525
0.14877956161392533
0.14895393660304176
0.1491247372874944
0.149292028504232
0.14945587427320958
0.149616337791044
0.14977348142562363
0.1499273667116298
0.15007805434692714
0.1502256041897831
0.15037007525687587
0.15051152572205212
0.1506500129157964
0.15078559332537517
0.15091832259561974
0.15104825553031287
0.1511754460941449
0.15129994741520647
0.1514218117879853
0.15154109067683647
0.15165783471989477
0.15177209373340114
0.15188391671641283
0.15199335185587104
0.15210044653199833
0.1522052473239997
0.15230780001604205
0.15240814960348753
0.15250634029935636
0.15260241554099624
0.15269641799693548
0.15278838957389795
0.15287837142395785
0.15296640395181416
0.1530525268221636
0.1531367789671522
0.15321919859388577
0.15329982319198077
0.15337868954113507
0.15345583371870153
0.15353129110724478
0.1536050964020638
0.15367728361866084
0.15374788610014073
0.15381693652451983
0.153884466911929
0.15395050863169032
0.15401509240925115
0.15407824833295475
0.15414000586063073
0.1542003938259844
0.15425944044476617
0.1543171733207006
0.15437361945115424
0.15442880523252075
0.15448275646530107
0.15453549835885524
0.1545870555358024
0.15463745203604276
0.1546867113203763
0.1547348562736893
0.1547819092076806
0.15482789186309603
0.15487282541143943
0.15491673045612467
0.15495962703303398
0.15500153461044278
0.15504247208827018
0.1550824577966129
0.15512150949351436
0.1551596443619213
0.1551968790057753
0.1552332294451813
0.15526871111059645
0.15530333883597294
0.15533712685078763
0.15537008877088654
0.15540223758806415
0.15543358565829773
0.15546414468854391
0.15549392572200577
0.15552293912176696
0.15555119455268415
0.1555787009614221
0.1556054665545059
0.15563149877425847
0.15565680427247866
0.1556813888817093
0.15570525758393097
0.15572841447650657
0.15575086273519045
0.15577260457400144
0.1557936412017459
0.15581397277496237
0.15583359834704227
0.1558525158132652
0.1558707218514687
0.15588821185805338
0.15590497987900273
0.15592101853557605
0.1559363189443092
0.1559508706309315
0.15596466143778318
0.15597767742428673
0.15598990275999702
0.15600131960972247
0.15601190801017648
0.1560216457375797
0.1560305081655999
0.15603846811297026
0.15604549568008894
0.1560515580738544
0.15605661941994417
0.1560606405616935
0.1560635788446787
0.1560653878860517
0.15606601732761524
0.15606541257156623
0.15606351449776912
0.15606025916135557
0.15605557746937498
0.15604939483514838
0.1560416308089035
0.1560321986831892
0.1560210050714902
0.15600794945837937
0.15599292371946324
0.1559758116092928
0.155956488215327
0.15593481937595527
0.1559106610605018
0.15588385870905846
0.1558542465299163
0.15582164675230067
0.15578586883205098
0.15574670860783896
0.15570394740547985
0.15565735108786935
0.15560666904807727
0.155551633143149
0.15549195656621587
0.15542733265459543
0.15535743363168752
0.15528190928063776
0.15520038554796295
0.15511246307561857
0.15501771566034625
0.15491568863958102
0.15480589720373703
0.1546878246353374
0.154560920476229
0.15442459862503446
0.15427823536807136
0.15412116734821693
0.1539526894776529
0.15377205280209638
0.15357846232604275
0.15337107481073475
0.15314899655905279
0.15291128120432268
0.15265692752317842
0.15238487729612157
0.15209401324331265
0.1517831570674132
0.151451067639998
0.15109643937316214
0.15071790082345815
0.15031401358118965
0.1498832715043212
0.1494241003627906
0.14893485796573563
0.14841383485098214
0.14785925562292604
0.14726928103151576
0.14664201089117412
0.14597548794393345
0.1452677027754709
0.1445165998957673
0.1437200850973421
0.14287603420297915
0.14198230331102935
0.14103674063920682
0.14003720005670203
0.13898155637883908
0.13786772247782833
0.13669366823690535
0.13545744134286286
0.13415718987339498
0.13279118659066014
0.13135785480118203
0.12985579558506474
0.12828381613530918
0.1266409588819558
0.12492653100750216
0.12314013389164506
0.1212816919574323
0.11935148033037062
0.11735015067022739
0.11527875449575989
0.11313876329900477
0.11093208474157795
0.10866107424376577
0.10632854132056287
0.10393775008882562
0.1014924134668741
0.09899668071132103
0.09645511808333378
0.09387268260407357
0.09125468904140042
0.08860677046042359
0.08593483286149742
0.08324500461251916
0.08054358154949827
0.0778369687622817
0.07513162019396903
0.07243397725721282
0.06975040770443523
0.06708714598019352
0.06445023623299478
0.06184547907342119
0.05927838304017374
0.056754121581868
0.05427749618769319
0.05185290611260208
0.04948432495094546