5.027036361218703e-6
5.144127239941735e-6
5.263945334609847e-6
5.3865541617136e-6
5.512018716830698e-6
5.6404055090594674e-6
5.7717825962534e-6
5.9062196210755835e-6
6.043787847891813e-6
6.184560200522232e-6
6.328611300871097e-6
6.476017508455259e-6
6.626856960852222e-6
6.781209615089146e-6
6.939157289994569e-6
7.100783709535348e-6
7.266174547161539e-6
7.435417471182858e-6
7.608602191200422e-6
7.785820505618461e-6
7.967166350260955e-6
8.152735848119043e-6
8.34262736025522e-6
8.536941537891324e-6
8.735781375707744e-6
8.939252266382072e-6
9.14746205639578e-6
9.360521103138506e-6
9.578542333340014e-6
9.801641302860538e-6
0.00001002993625787135
0.000010263548197457353
0.000010502600937675064
0.000010747221177099451
0.000010997538563894587
0.000011253685764442869
0.000011515798533569545
0.000011784015786398963
0.000012058479671881009
0.000012339335648025868
0.000012626732558887067
0.000012920822713333088
0.000013221761965649408
0.000013529709798012738
0.000013844829404881528
0.00001416728777934644
0.000014497255801487018
0.000014834908328780144
0.000015180424288608464
0.000015533986772916862
0.000015895783135067475
0.00001626600508894318
0.00001664484881035236
0.000017032515040787866
0.000017429209193594537
0.00001783514146260155
0.00001825052693327581
0.000018675585696455297
0.000019110542964721837
0.000019555629191474287
0.000020011080192764452
0.00002047713727196002
0.0000209540473472989
0.000021442063082403215
0.000021941443019819813
0.00002245245171765806
0.00002297535988939614
0.000023510444546929348
0.000024057989146934506
0.000024618283740627745
0.00002519162512699332
0.000025778317009564198
0.00002637867015683551
0.000026993002566395278
0.000027621639632857583
0.00002826491431968638
0.000028923167334998902
0.000029596747311440746
0.000030286010990226305
0.00003099132340943997
0.000031713058096697266
0.00003245159726626493
0.000033207332020742784
0.00003398066255741333
0.000034771998379364745
0.00003558175851149796
0.00003641037172152994
0.000037258276746107064
0.000038125922522147444
0.000039013768423530285
0.0000399222845032565
0.000040851951741204475
0.000041803262297611487
0.00004277671977240916
0.00004377283947054923
0.00004479214867345534
0.00004583518691674239
0.00004690250627434519
0.0000479946716492043
0.000049112261070657856
0.000050255865998693816
0.000051426091635217716
0.00005262355724249732
0.0000538488964689469
0.00005510275768241909
0.000056385804311175675
0.000057698715192710985
0.00005904218493060698
0.00006041692425960482
0.00006182366041907599
0.000063263137535087
0.00006473611701125137
0.00006624337792856797
0.00006778571745445162
0.00006936395126116132
0.00007097891395384075
0.00007263145950838955
0.00007432246171938478
0.000076052814658283
0.00007782343314213235
0.00007963525321303473
0.00008148923262859708
0.00008338635136362326
0.00008532761212329664
0.00008731404086811226
0.0000893466873508257
0.00009142662566568381
0.00009355495481021705
0.00009573279925987275
0.00009796130955577712
0.00010024166290592222
0.00010257506380007403
0.00010496274463871052
0.0001074059663763036
0.0001099060191792624
0.00011246422309886551
0.0001150819287595155
0.00011776051806265474
0.00012050140490669371
0.00012330603592330253
0.00012617589123042747
0.0001291124852024088
0.00013211736725756893
0.00013519212266366153
0.00013833837336157313
0.0001415577788076793
0.00014485203683526216
0.00014822288453541273
0.00015167209915783905
0.00015520149903201574
0.0001588129445091251
0.00016250833892523291
0.00016628962958616865
0.0001701588087745782
0.00017411791477962754
0.00017816903294985413
0.00018231429676965688
0.0001865558889599392
0.00019089604260342737
0.00019533704229518587
0.00019988122531887633
0.00020453098284930723
0.00020928876118183316
0.0002141570629891826
0.000219138448606285
0.00022423553734369724
0.00022945100883023625
0.00023478760438542422
0.000240248128422379
0.00024583544988178647
0.0002515525036976061
0.00025740229229516317
0.0002633878871223135
0.00026951243021435434
0.0002757791357933796
0.00028219129190279794
0.0002887522620777216
0.0002954654870519682
0.00030233448650241764
0.0003093628608314821
0.000316554292988464
0.0003239125503305782
0.0003314414865244364
0.0003391450434888086
0.0003470272533794715
0.00035509224061698494
0.0003633442239582398
0.0003717875186126368
0.00038042653840376873
0.0003892657979774865
0.00039830991505724635
0.000407563612747653
0.00041703172188711085
0.0004267191834505194
0.00043663105100296367
0.0004467724932053491
0.0004571487963729493
0.00046776536708786334
0.00047862773486634803
0.000489741554882044
0.0005011126107461167
0.0005127468173453131
0.0005246502237389863
0.000536829016116128
0.0005492895208134511
0.0005620382073956043
0.0005750816917985687
0.0005884267395373173
0.0006020802689788406
0.0006160493546816019
0.0006303412308025392
0.0006449632945727077
0.0006599231098426736
0.0006752284106987578
0.0006908871051512665
0.0007069072788957886
0.0007232971991487075
0.0007400653185580171
0.0007572202791905686
0.0007747709165968483
0.0007927262639543989
0.0008110955562909736
0.0008298882347885344
0.0008491139511691422
0.0008687825721638548
0.0008889041840656575
0.0009094890973674879
0.0009305478514863842
0.0009520912195747632
0.0009741302134198116
0.0009966760884319915
0.001019740348723537
0.001043334752277939
0.001067471316211218
0.0010921623221258896
0.0011174203215584119
0.0011432581415208882
0.0011696888901377496
0.0011967259623780963
0.001224383045884347
0.0012526741268977194
0.0012816134962811206
0.0013112157556398431
0.0013414958235404685
0.0013724689418283008
0.0014041506820435309
0.0014365569519362883
0.00146970400208067
0.0015036084325876376
0.001538287199916723
0.0015737576237862285
0.0016100373941816074
0.0016471445784615128
0.0016850976285609283
0.001723915388290596
0.0017636171007319203
0.0018042224157262012
0.0018457513974571118
0.0018882245321249398
0.0019316627357111016
0.0019760873618311896
0.0020215202096745596
0.0020679835320283734
0.002115500043383648
0.002164092928120821
0.002213785848771824
0.002264602954355736
0.0023165688887845
0.0023697087993351184
0.0024240483451843688
0.0024796137060017587
0.0025364315905961198
0.002594529245611001
0.0026539344642633987
0.002714675595120392
0.0027767815509074233
0.0028402818173419147
0.0029052064619852717
0.002971586143105971
0.003039452118545927
0.003108836254581928
0.003179771034773252
0.003252289568786318
0.0033264256011863915
0.0034022135201860165
0.0034796883663391746
0.0035588858411695025
0.003639842315720418
0.0037225948390140896
0.003807181146405904
0.0038936396678198107
0.003982009535849824
0.004072330593711639
0.004164643403027882
0.004258989251429599
0.0043554101599556925
0.0044539488902311615
0.004554648951404307
0.0046575546068216385
0.004762710880418983
0.004870163562805574
0.004979959217017436
0.005092145183915136
0.005206769587199809
0.005323881338020453
0.0054435301391443855
0.005565766488661273
0.005690641683190536
0.005818207820560138
0.0059485178019240146
0.006081625333283876
0.006217584926380013
0.0063564518989142876
0.00649828237406735
0.006643133279270803
0.006791062344193355
0.006942128097899306
0.0070963898651356366
0.00725390776170311
0.0074147426888652185
0.007578956326747471
0.007746611126678026
0.007917770302419773
0.008092497820241702
0.008270858387777276
0.008452917441615049
0.008638741133566233
0.008828396315552451
0.009021950523055544
0.009219471957070265
0.009421029464499764
0.009626692516932114
0.009836531187736012
0.010050616127411916
0.010269018537134848
0.01049181014042396
0.010719063152873309
0.010950850249878071
0.011187244532289699
0.011428319489933616
0.011674148962922636
0.011924807100699758
0.012180368318743789
0.012440907252872259
0.01270649871107618
0.012977217622822697
0.013253138985762114
0.013534337809778174
0.013820889058320726
0.014112867586963571
0.014410348079130952
0.014713404978939859
0.015022112421107778
0.015336544157878914
0.015656773482925497
0.01598287315218531
0.016314915301600275
0.016652971361726863
0.016997111969193526
0.01734740687498709
0.017703924849555606
0.018066733584722817
0.01843589959241606
0.018811488100217558
0.019193562943758402
0.019582186455981285
0.019977419353310752
0.02037932061877697
0.02078794738215156
0.021203354797164824
0.021625595915885424
0.02205472156035609
0.022490780191592705
0.02293381777606613
0.023383877649802397
0.023841000380249545
0.0243052236260762
0.024776581995081703
0.02525510690041419
0.025740826415309358
0.026233765126580058
0.026733943987103246
0.027241380167569648
0.027756086907777734
0.028278073367772976
0.02880734447915043
0.029343900796856923
0.029887738351847357
0.03043884850496655
0.030997217802446846
0.03156282783342713
0.03213565508991723
0.032715670829646104
0.03330284094224853
0.033897125819259064
0.03449848022839551
0.03510685319262589
0.035722187874525635
0.03634442146643839
0.03697348508696548
0.037609303684312416
0.03825179594702672
0.03890087422266451
0.039556444444921686
0.04021840606976658
0.04088665202110329
0.04156106864649106
0.042241535683434105
0.042927926236744574
0.04362010676746585
0.04431793709382595
0.045021270404669356
0.045729953285791665
0.046443825759574765
0.047162721338288284
0.04788646709139191
0.048614883727134225
0.049347785688706756
0.05008498126516593
0.05082627271729376
0.05157145641851625
0.05232032301095141
0.05307265757660113
0.053828239823649135
0.05458684428776752
0.055348240548276216
0.05611219345893699
0.05687846339310384
0.057646806502886366
0.05841697499192156
0.059188717401283036
0.05996177890799593
0.06073590163556103
0.061510824975831775
0.06228628592152471
0.06306201940858898
0.06383775866760126
0.06461323558330147
0.06538818106133296
0.0661623254012039
0.06693539867444573
0.06770713110690335
0.06847725346406007
0.06924549743827048
0.07001159603674952
0.07077528396915073
0.07153629803355169
0.07229437749965865
0.0730492644880422
0.07380070434422153
0.07454844600642602
0.07529224236588104
0.07603185061848894
0.07676703260680579
0.07749755515125223
0.07822319036953458
0.07894371598330406
0.07965891561113049
0.08036857904692596
0.08107250252301476
0.08177048895711153
0.08246234818253857
0.0831478971610876
0.0838269601780025
0.08449936901864188
0.08516496312645547
0.08582358974199042
0.08647510402272526
0.08711936914360756
0.08775625637825596
0.08838564516086302
0.08900742312891724
0.08962148614693644
0.09022773831148052
0.09082609193778217
0.0914164675284033
0.09199879372438845
0.09257300723944811
0.09313905277776191
0.0936968829360433
0.0942464580905551
0.09478774626980879
0.09532072301371772
0.09584537122000818
0.09636168097871915
0.09686964939564532
0.09736928040559509
0.09786058457634877
0.09834357890420904
0.09881828660203959
0.0992847368806867
0.09974296472467083
0.10019301066302846
0.10063492053616625
0.10106874525957481
0.10149454058522729
0.10191236686146303
0.10232228879212926
0.10272437519572473
0.10311869876525558
0.10350533582948104
0.10388436611618944
0.10425587251810765
0.10461994086201015
0.10497665968155287
0.1053261199943183
0.10566841508351718
0.10600364028475398
0.10633189277822118
0.10665327138664879
0.10696787637929764
0.10727580928224476
0.10757717269517442
0.10787207011485068
0.10816060576541299
0.10844288443560442
0.10871901132300761
0.1089890918853366
0.10925323169880113
0.1095115363235348
0.10976411117605321
0.11001106140868408
0.11025249179589092
0.11048850662739013
0.11071920960794605
0.11094470376370949
0.11116509135495212
0.11138047379503656
0.11159095157544872
0.11179662419671214
0.11199759010499234
0.11219394663419595
0.11238578995336107
0.11257321501913274
0.11275631553311369
0.11293518390387963
0.11310991121344614
0.11328058718797604
0.1134473001725159
0.11361013710955319
0.11376918352118773
0.11392452349471477
0.11407623967142047
0.11422441323839588
0.11436912392317938
0.11451044999104368
0.11464846824474866
0.11478325402658766
0.11491488122256038
0.11504342226851208
0.11516894815808604
0.1152915284523409
0.11541123129089305
0.11552812340444947
0.11564227012860308
0.11575373541877006
0.11586258186615331
0.11596887071462447
0.11607266187842127
0.11617401396056372
0.11627298427189875
0.1163696288506881
0.11646400248265992
0.11655615872144923
0.11664614990935862
0.11673402719837443
0.11681984057137827
0.11690363886349918
0.1169854697835546
0.11706537993553359
0.11714341484007836
0.11721961895592507
0.11729403570126717
0.11736670747500827
0.1174376756778744
0.11750698073335893
0.11757466210847485
0.1176407583342932
0.11770530702624694
0.11776834490418404
0.11782990781215304
0.11789003073790796
0.117948747832121
0.1180060924272923
0.1180620970563478
0.11811679347091847
0.11817021265929425
0.11822238486404751
0.11827333959932267
0.11832310566778842
0.1183717111772505
0.11841918355692396
0.11846554957336408
0.11851083534605551
0.11855506636266085
0.11859826749392939
0.11864046300826729
0.11868167658597138
0.11872193133312851
0.11876124979518295
0.1187996539701748
0.11883716532165177
0.11887380479125767
0.11890959281100065
0.11894454931520457
0.11897869375214608
0.11901204509538152
0.11904462185476603
0.11907644208716846
0.1191075234068848
0.1191378829957535
0.11916753761297465
0.11919650360463663
0.11922479691295162
0.11925243308520286
0.11927942728240508
0.11930579428768043
0.11933154851435038
0.11935670401374499
0.11938127448273078
0.11940527327095664
0.11942871338781792
0.1194516075091386
0.11947396798357021
0.11949580683870553
0.11951713578690634
0.1195379662308412
0.1195583092687311
0.11957817569929875
0.11959757602641713
0.11961652046345224
0.11963501893729395
0.11965308109206817
0.11967071629252304
0.11968793362708033
0.11970474191054277
0.11972114968644658
0.11973716522904788
0.11975279654492983
0.11976805137421714
0.11978293719138153
0.11979746120562254
0.11981163036080467
0.11982545133493094
0.11983893053913212
0.11985207411614693
0.1198648879382686
0.11987737760473088
0.11988954843850189
0.11990140548245619
0.11991295349488836
0.11992419694433196
0.11993514000364337
0.11994578654330691
0.11995614012391488
0.11996620398777219
0.11997598104957174
0.11998547388608259
0.11999468472478819
0.12000361543140839
0.12001226749623257
0.1200206420191877
0.12002873969355736
0.12003656078826411
0.12004410512861897
0.12005137207543637
0.12005836050240504
0.1200650687715972
0.12007149470699059
0.12007763556586858
0.1200834880079535
0.12008904806211951
0.12009431109051905
0.12009927174994561
0.12010392395024325
0.12010826080956057
0.12011227460623156
0.120115956727051
0.1201192976116969
0.12012228669303411
0.12012491233301549
0.12012716175387761
0.12012902096430718
0.12013047468023243
0.12013150623986998
0.12013209751263357
0.1201322288014834
0.12013187873826854
0.12013102417158318
0.12012964004662803
0.1201276992765331
0.12012517260456436
0.1201220284565987
0.12011823278321263
0.12011374889068954
0.12010853726020583
0.12010255535441149
0.12009575741057284
0.12008809421939513
0.12007951288859031
0.12006995659020184
0.12005936429064137
0.12004767046233447
0.12003480477581283
0.12002069177102773
0.12000525050659862
0.11998839418564569
0.11997002975679136
0.11995005748885192
0.11992837051767674
0.11990485436353047
0.1198793864173545
0.11985183539418731
0.11982206075197228
0.11978991207393615
0.11975522841268549
0.11971783759414006
0.11967755547940939
0.11963418518271887
0.1195875162435126
0.11953732375090094
0.11948336741868991
0.11942539060932932
0.11936311930525212
0.11929626102625718
0.11922450369181524
0.11914751442746621
0.11906493831482444
0.11897639708514067
0.11888148775688
0.11877978121838954
0.11867082075745236
0.11855412054037162
0.11842916404421842
0.11829540244702014
0.11815225298198416
0.11799909726336166
0.1178352795932738
0.11766010526077211
0.11747283884659808
0.11727270254957009
0.11705887455326706
0.11683048745471851
0.11658662678015941
0.11632632961656726
0.11604858339167869
0.11575232483946128
0.11543643919259108
0.11509975964831168
0.11474106715909153
0.11435909060468062
0.11395250740741096
0.11351994465777623
0.11305998082231888
0.11257114811047929
0.11205193558110456
0.11150079307253402
0.11091613604227588
0.11029635140294762
0.10963980443999417
0.10894484689332667
0.10820982627900891
0.10743309651801115
0.10661302992640691
0.10574803060477285
0.10483654924358365
0.10387709933575615
0.10286827475699575
0.10180876863916931
0.10069739342172833
0.09953310192160374
0.09831500921365215
0.09704241506263503
0.09571482659516584
0.09433198084775822
0.09289386677705955
0.0914007462729111
0.08985317367661702
0.08825201327848128
0.08659845425305385
0.08489402249026
0.08314058879798934
0.08134037298861257
0.07949594341937077
0.07761021163485218
0.075686421857976
0.07372813519206849
0.07173920852756119
0.06972376828830494
0.06768617929920735
0.06563100920291046
0.06356298899211785
0.06148697034954998
0.05940788059326668
0.05733067610599295
0.05526029517895404
0.0532016112208993
0.051159387270385395
0.04913823270468857
0.047142562964231034
0.045176563010972746