0.000027023692787892566
0.000027653134810746053
0.000028297237448859207
0.0000289563421459802
0.000029630798296942953
0.00003032096343277019
0.00003102720341008285
0.0000317498926049167
0.000032489414111047686
0.00003324615994293228
0.00003402053124336844
0.000034812938495987715
0.00003562380174269064
0.000036453550806140564
0.000037302625517432396
0.00003817147594905791
0.000039060562653289156
0.000039970356906107484
0.00004090134095680522
0.000041854008283393065
0.000042828863853947194
0.000043826424394034926
0.000044847218660359024
0.00004589178772076554
0.000046960685240762886
0.00004805447777670369
0.00004917374507578325
0.00005031908038301325
0.00005149109075533296
0.000052690397383022476
0.000053917635918589236
0.00005517345681329918
0.00005645852566153133
0.00005777352355313619
0.000059119147433985425
0.00006049611047490016
0.000061905142449155
0.00006334699011875353
0.00006482241762968256
0.00006633220691634936
0.00006787715811541724
0.00006945808998925621
0.0000710758403592328
0.00007273126654906482
0.0000744252458384769
0.00007615867592739247
0.00007793247541091032
0.00007974758426531075
0.00008160496434535085
0.00008350559989310639
0.0000854504980586332
0.00008744068943271464
0.00008947722859198091
0.00009156119465668302
0.00009369369186141501
0.00009587585013908578
0.00009810882571844374
0.00010039380173546973
0.00010273198885895971
0.00010512462593062316
0.00010757298062003298
0.00011007835009477348
0.00011264206170613065
0.00011526547369069294
0.00011794997588822185
0.0001206969904761724
0.00012350797272124616
0.00012638441174837276
0.00012932783132751745
0.0001323397906787308
0.0001354218852958566
0.00013857574778933416
0.0001418030487485293
0.00014510549762404784
0.0001484848436304904
0.00015194287667012182
0.000155481428277934
0.00015910237258859617
0.0001628076273257976
0.00016659915481449425
0.00017047896301659377
0.00017444910659060927
0.0001785116879758378
0.00018266885850162898
0.00018692281952231563
0.00019127582357839933
0.00019573017558459352
0.00020028823404533765
0.00020495241229842074
0.00020972517978734803
0.00021460906336312114
0.00021960664861609444
0.00022472058123861242
0.00022995356841911568
0.00023530838026844978
0.00024078785127910524
0.0002463948818181516
0.0002521324396546241
0.0002580035615221621
0.0002640113547176959
0.0002701589987370131
0.00027644974694804043
0.000282886928302704
0.00028947394908824793
0.00029621429471891073
0.00030311153156888153
0.0003101693088474707
0.00031739136051745685
0.0003247815072576037
0.00033234365847033037
0.00034008181433557987
0.0003480000679119259
0.00035610260728598757
0.0003643937177712614
0.0003728777841574711
0.00038155929301159297
0.00039044283503172884
0.0003995331074550066
0.0004088349165207481
0.00041835317999013835
0.00042809292972368165
0.0004380593143177391
0.0004482576018014886
0.000458693182395661
0.0004693715713344391
0.0004802984117519573
0.0004914794776348279
0.0005029206768421959
0.0005146280541948277
0.0005266077946347774
0.0005388662264572255
0.0005514098246160828
0.0005642452141050167
0.0005773791734155931
0.0005908186380742346
0.0006045707042597619
0.0006186426325033071
0.0006330418514724241
0.0006477759618412825
0.0006628527402488297
0.0006782801433468738
0.0006940663119400994
0.000710219575220011
0.0007267484550948958
0.0007436616706179216
0.0007609681425155188
0.0007786769978182468
0.0007967975745964138
0.0008153394268027151
0.0008343123292242383
0.0008537262825462445
0.0008735915185301243
0.0008939185053080398
0.0009147179527967804
0.0009360008182333988
0.0009577783118353056
0.000980061902587457
0.0010028633241594062
0.0010261945809550254
0.0010500679542977066
0.0010744960087539798
0.0010994915985984947
0.0011250678744233677
0.0011512382898950107
0.0011780166086615186
0.0012054169114138337
0.0012334536031039537
0.001262141420323461
0.0012914954388457515
0.0013215310813354162
0.001352264125228256
0.0013837107107854709
0.0014158873493256908
0.0014488109316384934
0.0014824987365831559
0.001516968439876513
0.0015522381230737325
0.0015883262827459978
0.0016252518398591086
0.0016630341493570659
0.001701693009954818
0.0017412486741443572
0.0017817218584184598
0.0018231337537164465
0.0018655060360963586
0.0019088608776380456
0.001953220957581736
0.0019986094737067064
0.0020450501539547713
0.0020925672683033167
0.002141185640892736
0.002190930662413196
0.002241828302755643
0.0022939051239321195
0.0023471882932705013
0.0024017055968887984
0.0024574854534542365
0.0025145569282325015
0.0025729497474323714
0.002632694312851227
0.002693821716826979
0.0027563637575017882
0.002820352954403326
0.00288582256434913
0.0029528065976797678
0.0030213398348266055
0.0030914578432199094
0.0031631969945431315
0.0032365944823393392
0.0033116883399755825
0.003388517458971258
0.0034671216076964085
0.003547541450445982
0.0036298185668960647
0.0037139954719482256
0.003800115635967897
0.003888223505423045
0.0039783645239290484
0.004070585153705976
0.004164932897454271
0.00426145632065493
0.004360205074300167
0.004461229918060639
0.004564582743895052
0.00467031660010823
0.0047784857158633814
0.0048891455261543815
0.005002352697243824
0.005118165152572417
0.005236642099145244
0.005357844054400449
0.005481832873565365
0.005608671777505598
0.005738425381071734
0.005871159721948766
0.006006942290012787
0.006145842057199458
0.006287929507888481
0.006433276669808095
0.006581957145463533
0.006734046144092563
0.00688962051415183
0.007048758776336496
0.007211541157135889
0.007378049622927486
0.007548367914610831
0.0077225815827829435
0.007900778023456278
0.008083046514319441
0.008269478251541095
0.008460166387116127
0.008655206066753355
0.008854694468302846
0.009058730840720779
0.009267416543568616
0.009480855087043362
0.00969915217253383
0.009922415733698568
0.010150755978058604
0.010384285429098647
0.010623118968868809
0.010867373881077893
0.01111716989466867
0.011372629227864008
0.011633876632672258
0.011901039439838109
0.012174247604225124
0.01245363375061372
0.012739333219897744
0.013031484115661096
0.013330227351114318
0.013635706696369468
0.01394806882603054
0.014267463367073544
0.014594042946990788
0.014927963242169552
0.01526938302647551
0.015618464220007905
0.015975371937992
0.01634027453977179
0.016713343677864208
0.017094754347032663
0.017484684933336672
0.017883317263110425
0.018290836651821362
0.01870743195275687
0.019133295605483835
0.019568623684023904
0.020013615944682674
0.02046847587346995
0.020933410733042224
0.02140863160909826
0.02189435345615207
0.022390795142606338
0.022898179495044413
0.02341673334165535
0.023946687554702455
0.024488277091942706
0.025041741036897786
0.02560732263787681
0.02618526934564248
0.026775832849611055
0.0273792691124703
0.027995838403094983
0.028625805327634885
0.029269438858646114
0.029927012362129243
0.030598803622335892
0.03128509486419686
0.03198617277322227
0.03270232851271731
0.03343385773815218
0.03418106060851956
0.03494424179450684
0.03572371048330591
0.03651978037987541
0.03733276970446825
0.03816300118622767
0.03901080205265238
0.039876504014724604
0.04076044324748915
0.04166296036586608
0.04258440039547578
0.04352511273824598
0.04448545113257057
0.04546577360777937
0.04646644243267716
0.04748782405790365
0.04853028905186207
0.049594212029958756
0.05067997157689506
0.051787950161744215
0.05291853404554845
0.054072113181162694
0.055249081105073206
0.05644983482091517
0.057674774674411476
0.058924304219455007
0.060198830075054756
0.061498761772867894
0.06282451159503818
0.06417649440206556
0.0655551274504306
0.06696083019970395
0.06839402410887137
0.06985513242161262
0.07134457994027552
0.0728627927882968
0.07441019816082317
0.07598722406330347
0.07759429903782353
0.07923185187697421
0.08090031132505149
0.08260010576640281
0.08433166290074871
0.08609540940532705
0.08789177058372202
0.0897211700012647
0.091584029106908
0.09348076684150658
0.09541179923245331
0.09737753897465298
0.0993783949978396
0.10141477202027394
0.1034870700888939
0.1055956841060124
0.10774100334270849
0.10992341093907838
0.11214328339156292
0.11440099002760333
0.1166968924679198
0.11903134407675087
0.1214046894004408
0.12381726359480039
0.12626939184172672
0.12876138875560558
0.1312935577800809
0.1338661905758217
0.1364795663999742
0.13913395147803803
0.14182959836896566
0.14456674532433295
0.14734561564249352
0.150166417018678
0.15302934089206266
0.15593456179088513
0.15888223667674164
0.16187250428925715
0.1649054844923711
0.16798127762354284
0.17109996384721976
0.17426160251397876
0.17746623152678298
0.18071386671585432
0.1840045012237001
0.18733810490187314
0.19071462372108053
0.19413397919629688
0.1975960678285524
0.2011007605651098
0.204647902279749
0.2082373112748996
0.21186877880737692
0.21554206863946793
0.2192569166171298
0.2230130302770377
0.2268100884842181
0.23064774110197614
0.23452560869580202
0.2384432822729008
0.2424003230589533
0.24639626231366402
0.2504306011865944
0.2545028106147196
0.25861233126306565
0.2627585735097167
0.2669409174763814
0.271158713105631
0.2754112802857981
0.2796979090244374
0.28401785967111903
0.2883703631902184
0.2927546214842223
0.297169807767952
0.30161506699395674
0.3060895163291979
0.31059224568298127
0.3151223182859608
0.3196787713198704
0.32426061659749605
0.3288668412922288
0.3334964087163931
0.33814825914737673
0.3428213107004402
0.34751446024691096
0.3522265843763294
0.35695654040094893
0.36170316740085173
0.3664652873077929
0.37124170602574463
0.3760312145859896
0.3808325903344707
0.3856445981490018
0.39046599168381824
0.39529551463885093
0.4001319020510165
0.40497388160472986
0.40982017495876677
0.41466949908655243
0.41952056762689144
0.4243720922421231
0.42922278398064473
0.43407135464074237
0.4389165181326532
0.44375699183580114
0.44859149794815084
0.4534187648246707
0.4582375283019284
0.4630465330059023
0.4678445336401458
0.47263029625152936
0.47740259947085933
0.4821602357257779
0.4869020124234373
0.4916267531005713
0.4963332985386945
0.5010205078422904
0.5056872594779908
0.5103324522728753
0.5149550063701784
0.5195538641408314
0.5241279910494224
0.5286763764733194
0.5331980344738427
0.5376920045185497
0.5421573521538474
0.5465931696272985
0.5509985764591575
0.5553727199628219
0.5597147757140409
0.5640239479688673
0.5682994700304949
0.5725406045652564
0.5767466438682057
0.5809169100788273
0.5850507553475525
0.5891475619538789
0.593206742377007
0.5972277393200057
0.6012100256886324
0.6051531045260148
0.6090565089044941
0.6129198017760094
0.6167425757824626
0.620524453027581
0.624265084811841
0.6279641513320698
0.6316213613473783
0.6352364518131168
0.6388091874845674
0.642339360492115
0.645826789889639
0.6492713211778872
0.652672825804585
0.6560312006430369
0.659346367450955
0.6626182723112426
0.6658468850564343
0.6690321986784757
0.6721742287254819
0.6752730126870983
0.6783286093700295
0.6813410982652843
0.6843105789086171
0.6872371702356164
0.6901210099328366
0.6929622537863166
0.695761075028781
0.6985176636867616
0.7012322259288202
0.7039049834160087
0.7065361726556316
0.7091260443593285
0.7116748628064343
0.7141829052135203
0.7166504611109576
0.7190778317272962
0.7214653293821882
0.7238132768885388
0.7261220069645088
0.7283918616559402
0.7306231917697298
0.7328163563186196
0.7349717219778312
0.7370896625539172
0.7391705584661628
0.7412147962408246
0.7432227680184519
0.7451948710744953
0.7471315073533696
0.7490330830160973
0.7509000080016314
0.7527326956019148
0.7545315620507065
0.7562970261261733
0.7580295087672179
0.7597294327034891
0.7613972220989915
0.7630333022091914
0.764638099051496
0.7662120390889577
0.7677555489270402
0.7692690550232668
0.7707529834095527
0.7722077594270115
0.7736338074730115
0.7750315507602444
0.7764014110875663
0.7777438086223466
0.7790591616940695
0.7803478865989131
0.781610397415029
0.7828471058282428
0.7840584209678881
0.7852447492524822
0.7864064942449546
0.7875440565171321
0.7886578335231853
0.7897482194817411
0.7908156052663661
0.7918603783041235
0.7928829224819149
0.7938836180603094
0.7948628415945749
0.7958209658626229
0.7967583597995823
0.797675388438727
0.7985724128584716
0.7994497901351738
0.8003078733014678
0.8011470113098688
0.8019675490013906
0.8027698270789224
0.803554182085117
0.8043209463845484
0.805070448149903
0.8058030113519716
0.8065189557532192
0.8072185969047113
0.8079022461461871
0.8085702106090678
0.8092227932222041
0.8098602927201647
0.8104830036538795
0.8110912164034537
0.8116852171929776
0.8122652881071637
0.8128317071096424
0.8133847480627658
0.8139246807487615
0.8144517708920946
0.8149662801828967
0.815468466301328
0.8159585829427444
0.8164368798435472
0.8169036028075966
0.8173589937330789
0.8178032906397183
0.8182367276962343
0.8186595352479418
0.8190719398444085
0.8194741642670746
0.8198664275567533
0.8202489450409312
0.8206219283607906
0.8209855854978804
0.8213401208003638
0.8216857350087751
0.8220226252812177
0.822350985217941
0.8226710048852315
0.8229828708385559
0.8232867661448964
0.8235828704042155
0.8238713597699886
0.8241524069687446
0.8244261813185462
0.8246928487463471
0.8249525718041611
0.8252055096839631
0.825451818231257
0.8256916499572252
0.8259251540493768
0.8261524763806075
0.8263737595165696
0.826589142721254
0.8267987619606714
0.827002749904509
0.8272012359256382
0.8273943460973295
0.8275822031880242
0.827764926653498
0.8279426326262399
0.8281154339018518
0.8282834399222639
0.8284467567555394
0.828605487072025
0.8287597301165885
0.8289095816766561
0.8290551340457463
0.829196475982175
0.8293336926625724
0.8294668656298337
0.8295960727350951
0.829721388073291
0.8298428819118246
0.82996062061184
0.8300746665415514
0.830185077981048
0.8302919090179438
0.8303952094332048
0.8304950245764321
0.8305913952298309
0.8306843574600424
0.8307739424569553
0.8308601763585532
0.8309430800607895
0.8310226690114091
0.8310989529865637
0.8311719358489885
0.8312416152864198
0.8313079825288473
0.8313710220430981
0.831430711203142
0.8314870199344055
0.8315399103302632
0.8315893362387492
0.8316352428174023
0.83167756605402
0.8317162322509426
0.8317511574703368
0.8317822469377729
0.8318093944012197
0.831832481442382
0.8318513767371146
0.8318659352614238
0.831875997439352
0.8318813882287946
0.8318819161410509
0.8318773721896422
0.8318675287636542
0.8318521384205624
0.8318309325931873
0.8318036202051119
0.8317698861885402
0.8317293898982288
0.8316817634147561
0.8316266097299977
0.8315635008072947
0.8314919755083758
0.8314115373786839
0.831321652282319
0.8312217458773752
0.8311112009220037
0.8309893544010898
0.8308554944629947
0.83070885715537
0.8305486229486502
0.8303739130354122
0.830183785393442
0.829977230600007
0.8297531673845694
0.8295104379069549
0.8292478027478725
0.8289639355986503
0.828657417637139
0.8283267315769841
0.8279702553778708
0.8275862556049652
0.8271728804266375
0.8267281522406844
0.8262499599207467
0.8257360506764592
0.8251840215231568
0.8245913103597567
0.8239551866567854
0.8232727417605527
0.8225408788242129
0.821756302382055
0.820915507589881
0.8200147691619087
0.819050130043365
0.8180173898679562
0.8169120932608372
0.8157295180606732
0.8144646635490435
0.8131122387918849
0.8116666512160478
0.8101219955644349
0.8084720433957101
0.8067102333192364
0.8048296621827723
0.8028230774594688
0.8006828711117676
0.7984010752427344
0.7959693598798594
0.7933790332720353
0.7906210451167301
0.7876859931705553
0.7845641337316226
0.781245396515107
0.7777194044729616
0.7739754991330712
0.7700027720504387
0.7657901029710278
0.7613262053052186
0.7565996794897208
0.751599074781329
0.7463129599700186
0.7407300034194678
0.7348390627370811
0.7286292842402196
0.7220902122182457
0.7152119077894887
0.7079850769176019
0.7004012068835571
0.6924527102097305
0.6841330747051574
0.6754370179520418
0.6663606441914369
0.6569016012014689
0.6470592344077991
0.6368347351388622
0.6262312796550734
0.6152541553606096
0.6039108704676515
0.59221124334501
0.5801674678626666
0.5677941512549654
0.5551083213772047
0.5421294007268899
0.5288791452383116
0.5153815466263754
0.5016626979332408
0.48775062289223337
0.4736750707331215
0.4594672790713597
0.44515970850747727
0.43078575346680636
0.4163794345908934
0.4019750786117259
0.387606992066712
0.37330913542422983
0.35911480417526725
0.34505632320712337
0.3311647603227201
0.31746966412728017
0.30399883070533484
0.29077810259474357
0.2778312025740455
0.26517960375981176