0.00002702369278789847
0.000027653134810752386
0.000028297237448866
0.000028956342145987468
0.000029630798296950736
0.00003032096343277854
0.00003102720341009179
0.000031749892604926276
0.000032489414111057945
0.00003324615994294328
0.00003402053124338023
0.00003481293849600035
0.000035623801742704176
0.000036453550806155065
0.000037302625517447934
0.00003817147594907456
0.00003906056265330701
0.00003997035690612661
0.00004090134095682571
0.000041854008283415006
0.00004282886385397072
0.00004382642439406014
0.000044847218660386035
0.000045891787720794495
0.00004696068524079389
0.00004805447777673693
0.00004917374507581885
0.000050319080383051395
0.00005149109075537385
0.00005269039738306629
0.00005391763591863616
0.00005517345681334947
0.00005645852566158523
0.00005777352355319394
0.000059119147434047305
0.00006049611047496645
0.00006190514244922604
0.00006334699011882964
0.00006482241762976413
0.00006633220691643674
0.00006787715811551089
0.00006945808998935655
0.00007107584035934032
0.00007273126654918003
0.00007442524583860035
0.00007615867592752477
0.00007793247541105206
0.00007974758426546264
0.00008160496434551357
0.00008350559989328077
0.00008545049805882003
0.00008744068943291484
0.00008947722859219544
0.00009156119465691289
0.00009369369186166132
0.0000958758501393497
0.00009810882571872655
0.00010039380173577275
0.0001027319888592844
0.00010512462593097105
0.00010757298062040575
0.00011007835009517296
0.00011264206170655868
0.00011526547369115156
0.00011794997588871327
0.00012069699047669895
0.00012350797272181035
0.0001263844117489773
0.00012932783132816523
0.0001323397906794249
0.00013542188529660034
0.0001385757477901311
0.00014180304874938324
0.00014510549762496288
0.00014848484363147083
0.00015194287667117233
0.00015548142827905966
0.0001591023725898023
0.00016280762732709
0.0001665991548158791
0.0001704789630180776
0.00017444910659219928
0.00017851168797754143
0.00018266885850345445
0.00018692281952427167
0.0001912758235804952
0.0001957301755868393
0.00020028823404774404
0.00020495241230099914
0.00020972517979011087
0.00021460906336608147
0.0002196066486192665
0.0002247205812420113
0.00022995356842275762
0.00023530838027235206
0.00024078785128328663
0.00024639488182263194
0.00025213243965942477
0.0002580035615273061
0.00026401135472320765
0.00027015899874291904
0.00027644974695436865
0.00028288692830948466
0.0002894739490955135
0.0002962142947266959
0.0003031115315772232
0.00031016930885640877
0.0003173913605270341
0.0003247815072678657
0.000332343658481326
0.00034008181434736184
0.0003480000679245502
0.00035610260729951446
0.00036439371778575544
0.00037287778417300146
0.0003815592930282338
0.0003904428350495593
0.00039953310747411195
0.0004088349165412194
0.00041835318001207317
0.0004280929297471849
0.0004380593143429226
0.00044825760182847256
0.000458693182424574
0.0004693715713654192
0.0004802984117851523
0.0004914794776703961
0.0005029206768803068
0.0005146280542356631
0.000526607794678532
0.000538866226504108
0.0005514098246663169
0.0005642452141588418
0.000577379173473266
0.0005908186381360304
0.0006045707043259748
0.0006186426325742534
0.0006330418515484419
0.000647775961922734
0.0006628527403361035
0.000678280143440386
0.0006940663120402957
0.0007102195753273691
0.0007267484552099277
0.0007436616707411753
0.0007609681426475821
0.0007786769979597494
0.0007967975747480301
0.0008153394269651676
0.0008343123293983014
0.000853726282732748
0.0008735915187299569
0.0008939185055221541
0.0009147179530261964
0.0009360008184792103
0.0009577783120986837
0.0009800619028696568
0.0010028633244617722
0.0010261945812789985
0.0010500679546448302
0.0010744960091259085
0.0010994915989969993
0.0011250678748503469
0.0011512382903524985
0.0011780166091516946
0.0012054169119390323
0.001233453603666677
0.0012621414209263884
0.0012914954394917552
0.001321531082027572
0.0013522641259698601
0.0013837107115800547
0.0014158873501770375
0.0014488109325506563
0.0014824987375604782
0.0015169684409236468
0.0015522381241956616
0.001588326283948064
0.0016252518411470328
0.0016630341507369772
0.0017016930114332836
0.001741248675728413
0.0017817218601156423
0.001823133755534831
0.0018655060380445964
0.001908860879725405
0.0019532209598181454
0.001998609476102804
0.0020450501565219517
0.002092567271053789
0.00214118564383958
0.002190930665570422
0.002241828306138262
0.002293905127556211
0.002347188297153292
0.0024017056010487443
0.002457485457911106
0.0025145569330074745
0.0025729497525481346
0.0026326943183320865
0.0026938217226989696
0.0027563637637928024
0.002820352961143241
0.0028858225715699525
0.0029528066054157827
0.00302133984311454
0.0030914578520991063
0.0031631970040557366
0.0032365944925304936
0.0033116883508936454
0.00338851747066803
0.0034671216202273748
0.003547541463870578
0.003629818581277954
0.003713995487355601
0.0038001156524738048
0.0038882235231057238
0.0039783645428723025
0.004070585173999566
0.0041649329191943436
0.004261456343944469
0.004360205099249469
0.004461229944787845
0.004564582772526693
0.004670316630779832
0.0047784857487200945
0.004889145561351669
0.0050023527349481855
0.005118165192962175
0.00523664214241138
0.005357844100747503
0.005481832923212388
0.005608671830687187
0.005738425438039128
0.00587115978297102
0.006006942355378041
0.006145842127216277
0.006287929582887301
0.0064332767501427785
0.0065819572315130035
0.006734046236262597
0.006889620612876937
0.007048758882081951
0.00721154127039991
0.0073780497442435455
0.007548368044550152
0.007722581721957158
0.007900778172520271
0.008083046673974404
0.008269478422537772
0.008460166570258327
0.008655206262901652
0.008854694678378612
0.009058731065710427
0.00926741678452819
0.009480855345103407
0.009699152448904654
0.009922416029675819
0.010150756295029257
0.010384285768547425
0.010623119332385017
0.01086737427036276
0.011117170311543183
0.011372629674277285
0.011633877110710535
0.011901039951734301
0.012174248152369099
0.012453634337563248
0.012739333848390226
0.0130314847886261
0.013330228071686975
0.013635707467904793
0.013948069652118759
0.014267464251556469
0.0145940438939793
0.014927964256062326
0.015269384111978994
0.015618465382157703
0.01597537318217569
0.01634027587175334
0.016713345103810055
0.017094755873539546
0.01748468656746145
0.01788331901240182
0.01829083852435398
0.01870743395716746
0.01913329775101007
0.019568625980545772
0.02001361840276669
0.020468478504416354
0.02093341354893544
0.02140863462286068
0.021894356681601536
0.022390798594517508
0.022898183189214227
0.023416737294972935
0.023946691785223725
0.024488281618969984
0.02504174588106474
0.025607327821239076
0.026185274891774406
0.0267758387837088
0.027379275461461898
0.027995845195757676
0.028625812594720263
0.029269446633013573
0.029927020678888257
0.03059881251899767
0.03128510438083605
0.03198618295264928
0.03270233940066192
0.0334338693834593
0.034181073063357666
0.0349442551145901
0.03572372472813078
0.036519795612972625
0.03733278599367112
0.03816301860395777
0.03901082067622372
0.03987652392666735
0.04076046453589423
0.04166298312475181
0.04258442472517793
0.04352513874583285
0.04448547893228433
0.04546580332150549
0.046466474190443516
0.047487857998411154
0.04853032532304862
0.049594250789598664
0.050680012993235886
0.05178799441418333
0.05291858132535164
0.05407216369222727
0.05524913506473827
0.05644989246082168
0.05767483624141509
0.0589243699765946
0.06019890030257999
0.06149883676932905
0.06282459167844184
0.0641765799110997
0.0655552187457633
0.06696092766535938
0.06839412815368776
0.0698552434807862
0.07134469847699568
0.07286291929547689
0.07441033316293244
0.07598736811830527
0.07759445273922563
0.07923201585599694
0.08090048625291994
0.08260029235676934
0.08433186191225274
0.08609562164429864
0.08789199690703708
0.08972141131935873
0.09158428638695658
0.09348104111078082
0.0954120915818583
0.09737785056245847
0.09937872705361166
0.10141512584901725
0.10348744707541427
0.10559608571950962
0.10774143114160992
0.10992386657612399
0.11214376861915305
0.11440150670342007
0.11669744256083439
0.11903192967302849
0.12140531271025572
0.12381792695907373
0.1262700977393001
0.12876213981076373
0.13129435677043694
0.13386704044057907
0.13648047024857887
0.13913491259923622
0.14183062024028056
0.14456783162197623
0.14734677025172616
0.15016764404463548
0.15303064467106026
0.15593594690221813
0.15888370795499682
0.16187406683714992
0.16490714369412515
0.16798303915882662
0.1711018337056565
0.17426358701024405
0.17746833731630668
0.18071610081114073
0.18400687101128152
0.1873406181599118
0.19071728863763263
0.19413680438825298
0.197599062361267
0.2011039339727341
0.20465126458627794
0.2082408730159465
0.21187255105268482
0.21554606301617016
0.2192611453337685
0.22301750614834842
0.22681482495668942
0.23065275228019103
0.2345309093695667
0.23844888794516572
0.24240624997453053
0.24640252748874333
0.2504372224390592
0.2545098065952633
0.25861972148710655
0.2627663783901088
0.26694915835691796
0.2711674122953344
0.275420461093989
0.27970759579657545
0.2840280778254045
0.28838113925494396
0.2927659831358606
0.297181783869966
0.30162768763631587
0.30610281286858204
0.3106062507836541
0.3151370659612923
0.3196942969744851
0.3242769570700245
0.3288840348986382
0.3335144952938693
0.3381672800987318
0.34284130903901655
0.34753548064195283
0.3522486731987906
0.35697974576970676
0.3617275392292935
0.3664908773507426
0.37126856792669743
0.37605940392461784
0.3808621646743702
0.3856756170856405
0.3904985168926547
0.39532960992358746
0.40016763339195094
0.4050113172071728
0.4098593853014895
0.41471055697023096
0.4195635482225141
0.42441707313932786
0.4292698452359548
0.43412057882566873
0.4389679903816323
0.44381079989394007
0.44864773221874826
0.45347751841648987
0.45829889707619254
0.4631106156229881
0.46791143160595167
0.47270011396349415
0.47747544426361105
0.48223621791639154
0.4869812453562829
0.491709353191734
0.4964193853199508
0.5011102040046242
0.505780690914638
0.5104297481218786
0.5150562990564471
0.5196592894176892
0.5242376880396398
0.5287904877096143
0.5333167059388488
0.5378153856842398
0.5422855960204067
0.5467264327614418
0.5511370190318842
0.5555165057866025
0.5598640722794289
0.5641789264805321
0.5684603054426681
0.5727074756165853
0.5769197331160081
0.5810964039327376
0.585236844102553
0.5893404398227041
0.5934066075219112
0.5974347938838818
0.6014244758254665
0.6053751604306636
0.6092863848417645
0.6131577161090223
0.6169887510002806
0.620779115772073
0.6245284659037605
0.6282364857963153
0.6319028884374057
0.6355274150344694
0.6391098346174856
0.6426499436131851
0.6461475653924387
0.64960254979258
0.653014772616415
0.6563841351096693
0.6597105634186061
0.66299400802954
0.6662344431919427
0.6694318663268218
0.6725862974220074
0.6756977784159661
0.6787663725717078
0.6817921638423234
0.6847752562296376
0.687715773137418
0.6906138567205365
0.6934696672314222
0.6962833823650982
0.6990551966040364
0.7017853205640094
0.7044739803420703
0.7071214168677251
0.7097278852583095
0.712293654179529
0.7148190052120575
0.7173042322250411
0.719749640757289
0.722155547406886
0.7245222792299054
0.7268501731488413
0.7291395753713374
0.7313908408197294
0.7336043325718737
0.7357804213136866
0.7379194848037671
0.7400219073504382
0.742088079301491
0.7441183965468822
0.7461132600345841
0.7480730752997639
0.749998252007414
0.7518892035085359
0.7537463464099411
0.7555701001576945
0.7573608866342124
0.7591191297689829
0.760845255162859
0.7625396897258523
0.7642028613283244
0.7658351984654584
0.7674371299348739
0.7690090845272237
0.7705514907296039
0.7720647764415846
0.7735493687036618
0.7750056934379139
0.7764341752006376
0.7778352369467271
0.779209299805553
0.7805567828680869
0.7818781029850141
0.7831736745755697
0.784443909446829
0.7856892166231791
0.7869100021856972
0.7881066691211542
0.78927961718037
0.7904292427456362
0.7915559387069261
0.7926600943466182
0.7937420952324451
0.7948023231184035
0.7958411558533394
0.7968589672969449
0.7978561272428927
0.7988330013488433
0.799789951073069
0.8007273336174248
0.8016455018764234
0.8025448043921595
0.8034255853148385
0.8042881843686711
0.8051329368228962
0.8059601734677057
0.8067702205948406
0.8075633999826441
0.8083400288853523
0.809100420026416
0.8098448815956496
0.810573717250004
0.8112872261177768
0.8119857028060646
0.8126694374112797
0.8133387155325498
0.813993818287828
0.8146350223325464
0.8152625998806508
0.8158768187278539
0.8164779422769596
0.8170662295651026
0.8176419352927637
0.8182053098544169
0.8187565993706731
0.8192960457217888
0.8198238865824075
0.8203403554574125
0.8208456817187676
0.8213400906432259
0.821823803450793
0.822297037343831
0.8227600055466934
0.8232129173457823
0.8236559781299225
0.824089389430952
0.82451334896442
0.8249280506703006
0.8253336847536146
0.8257304377248686
0.8261184924402072
0.8264980281411857
0.8268692204940645
0.8272322416285269
0.8275872601757235
0.827934441305545
0.8282739467630215
0.8286059349037483
0.8289305607282345
0.8292479759150666
0.8295583288527821
0.8298617646703371
0.8301584252660551
0.8304484493349368
0.8307319723942039
0.8310091268069519
0.8312800418037718
0.8315448435022017
0.8318036549238573
0.8320565960090878
0.8323037836289867
0.8325453315945893
0.8327813506630671
0.8330119485407281
0.8332372298826125
0.8334572962884649
0.8336722462948508
0.8338821753631672
0.8340871758632801
0.834287337052513
0.8344827450496776
0.8346734828038324
0.8348596300574214
0.8350412633034289
0.8352184557361607
0.8353912771952285
0.8355597941022981
0.835724069390115
0.8358841624233045
0.8360401289103929
0.8361920208064685
0.8363398862058555
0.8364837692241328
0.8366237098687775
0.8367597438976713
0.8368919026646446
0.8370202129511851
0.8371446967833669
0.8372653712330005
0.8373822482019216
0.8374953341882762
0.8376046300335632
0.8377101306491269
0.8378118247206829
0.8379096943893799
0.8380037149077824
0.8380938542690576
0.838180072807524
0.838262322768603
0.8383405478460628
0.8384146826843264
0.8384846523434375
0.838550371724134
0.8386117449502968
0.838668664705868
0.8387210115231252
0.8387686530190119
0.8388114430759848
0.8388492209636262
0.8388818103970168
0.8389090185276067
0.8389306348620552
0.8389464301042208
0.8389561549151794
0.8389595385858385
0.8389562876163801
0.8389460841964153
0.83892858457938
0.8389034173443144
0.8388701815377833
0.8388284446882914
0.8387777406851226
0.838717567513109
0.8386473848344006
0.8385666114078479
0.8384746223361803
0.8383707461306934
0.838254261582729
0.8381243944307832
0.8379803138116647
0.8378211284837181
0.8376458828097737
0.8374535524871434
0.8372430400117282
0.8370131698630893
0.8367626833972224
0.8364902334337604
0.8361943785244412
0.8358735768899438
0.8355261800126282
0.8351504258733827
0.8347444318216751
0.8343061870691031
0.8338335447982714
0.8333242138807521
0.8327757502002521
0.8321855475800173
0.8315508283169746
0.830868633329281
0.8301358119288524
0.8293490112362332
0.8285046652618816
0.8275989836857727
0.8266279403762067
0.8255872616990312
0.8244724146802467
0.8232785950983067
0.8220007155974769
0.8206333939305027
0.8191709414576838
0.8176073520503657
0.8159362915699044
0.814151088118415
0.8122447232850664
0.810209824641309
0.8080386597700802
0.8057231321475584
0.8032547792311013
0.8006247731431761
0.7978239243778198
0.7948426889926523
0.7916711797848028
0.788299181982072
0.7847161740098748
0.7809113539182289
0.7768736720693751
0.7725918706932252
0.7680545309122581
0.7632501278168929
0.7581670941338398
0.7527938929702854
0.7471191000329362
0.7411314956097926
0.7348201664613605
0.7281746175944595
0.7211848936843502
0.7138417096689331
0.7061365897630625
0.6980620138338451
0.6896115697434777
0.6807801099110504
0.6715639099777172
0.661960827091938
0.6519704549768944
0.6415942726167506
0.6308357831199164
0.6197006391051134
0.6081967508291758
0.5963343732530263
0.5841261683408159
0.5715872391203781
0.5587351324095188
0.545589807634985
0.5321735698345611
0.5185109657252557
0.5046286426211825
0.4905551709649521
0.4763208322604166
0.4619573752214664
0.4474977439367085
0.4329757827481972
0.41842592331065565
0.40388285989781203
0.3893812194238363
0.37495523282974563
0.36063841443735506
0.3464632555995515
0.3324609384895003
0.3186610751980717
0.30509147648213475
0.2917779535671163
0.27874415539958713
0.266011442714832