0.000027023692787889964
0.00002765313481074327
0.000028297237448856232
0.000028956342145976995
0.00002963079829693952
0.000030320963432766523
0.000031027203410078914
0.00003174989260491247
0.00003248941411104316
0.00003324615994292743
0.000034020531243363254
0.00003481293849598215
0.00003562380174268468
0.000036453550806134174
0.00003730262551742556
0.00003817147594905059
0.000039060562653281316
0.00003997035690609906
0.0000409013409567962
0.0000418540082833834
0.00004282886385393684
0.00004382642439402384
0.000044847218660347146
0.00004589178772075282
0.00004696068524074923
0.00004805447777668907
0.000049173745075767574
0.00005031908038299646
0.000051491090755314985
0.0000526903973830032
0.000053917635918568575
0.00005517345681327705
0.000056458525661507616
0.00005777352355311078
0.000059119147433958204
0.00006049611047487099
0.00006190514244912374
0.00006334699011872004
0.00006482241762964667
0.0000663322069163109
0.00006787715811537602
0.00006945808998921206
0.00007107584035918548
0.00007273126654901415
0.00007442524583842258
0.00007615867592733428
0.00007793247541084796
0.00007974758426524393
0.00008160496434527922
0.00008350559989302967
0.00008545049805855096
0.00008744068943262652
0.00008947722859188652
0.00009156119465658188
0.00009369369186130665
0.00009587585013896965
0.00009810882571831934
0.00010039380173533639
0.00010273198885881685
0.00010512462593047006
0.00010757298061986896
0.00011007835009459773
0.00011264206170594233
0.00011526547369049113
0.00011794997588800564
0.00012069699047594072
0.00012350797272099785
0.00012638441174810672
0.0001293278313272324
0.00013233979067842536
0.00013542188529552928
0.00013857574778898348
0.00014180304874815354
0.00014510549762364523
0.00014848484363005898
0.00015194287666965954
0.00015548142827743867
0.0001591023725880654
0.00016280762732522885
0.0001665991548138849
0.0001704789630159408
0.00017444910658990967
0.00017851168797508813
0.00018266885850082567
0.0001869228195214549
0.00019127582357747708
0.0001957301755836053
0.0002002882340442788
0.00020495241229728613
0.00020972517978613234
0.00021460906336181844
0.00021960664861469866
0.00022472058123711684
0.00022995356841751314
0.00023530838026673256
0.00024078785127726535
0.00024639488181618
0.0002521324396525116
0.0002580035615198985
0.0002640113547152705
0.0002701589987344143
0.0002764497469452559
0.0002828869282997202
0.0002894739490850509
0.00029621429471548514
0.0003031115315652109
0.0003101693088435376
0.0003173913605132426
0.00032478150725308806
0.00033234365846549185
0.0003400818143303955
0.0003480000679063709
0.00035610260728003535
0.00036439371776488346
0.0003728777841506373
0.0003815592930042706
0.00039044283502388284
0.0003995331074465997
0.0004088349165117402
0.0004183531799804863
0.00042809292971333966
0.0004380593143066576
0.0004482576017896149
0.00045869318238293827
0.00046937157132080707
0.00048029841173735064
0.000491479477619177
0.000502920676825426
0.0005146280541768589
0.000526607794615524
0.0005388662264365958
0.0005514098245939783
0.000564245214081332
0.0005773791733902154
0.0005908186380470428
0.0006045707042306261
0.0006186426324720888
0.0006330418514389743
0.0006477759618054416
0.0006628527402104267
0.0006782801433057261
0.0006940663118960103
0.0007102195751727704
0.0007267484550442787
0.0007436616705636863
0.0007609681424574072
0.0007786769977559815
0.0007967975745296984
0.0008153394267312315
0.0008343123291476456
0.0008537262824641777
0.0008735915184421924
0.0008939185052138237
0.0009147179526958306
0.000936000818125235
0.0009577783117194118
0.0009800619024632814
0.0010028633240263568
0.0010261945808124685
0.0010500679541449625
0.0010744960085903213
0.0010994915984231415
0.0011250678742354848
0.001151238289693703
0.0011780166084458274
0.0012054169111827312
0.0012334536028563397
0.0012621414200581556
0.0012914954385614915
0.001321531081030848
0.0013522641249019295
0.0013837107104358317
0.0014158873489510742
0.0014488109312371159
0.0014824987361531069
0.0015169684394157454
0.001552238122580052
0.0015883262822170552
0.0016252518392923863
0.0016630341487498669
0.0017016930093042522
0.0017412486734473295
0.001781721857671652
0.001823133752916307
0.0018655060352390806
0.0019088608767195508
0.0019532209565976543
0.001998609472652359
0.002045050152825142
0.002092567267093034
0.002141185639596046
0.0021909306610239316
0.002241828301267201
0.002293905122337422
0.0023471882915619695
0.002401705595058312
0.002457485451493096
0.0025145569261313875
0.0025729497451813005
0.002632694310439506
0.00269382171424315
0.002756363754733579
0.0028203529514375897
0.0028858225611717845
0.002952806594275724
0.0030213398311797045
0.003091457839312839
0.0031631969903573487
0.0032365944778549784
0.0033116883351713665
0.003388517453824393
0.00346712160218248
0.003547541444538839
0.0036298185605676925
0.003713995465168618
0.003800115628704915
0.003888223497642261
0.003978364515593588
0.004070585144776342
0.004164932887888156
0.004261456310407027
0.004360205063321939
0.004461229906300105
0.004564582731296534
0.004670316586612099
0.004778485701405768
0.004889145510666885
0.005002352680653182
0.005118165134800169
0.0052366420801073545
0.005357844034006924
0.0054818328517198195
0.005608671754104811
0.005738425356005162
0.005871159695098026
0.006006942261251101
0.006145842026391057
0.006287929474887976
0.006433276634459799
0.0065819571076007185
0.006734046103536699
0.006889620470711738
0.007048758729807465
0.007211541107298716
0.007378049569547454
0.007548367857436619
0.007722581521545454
0.007900777957867382
0.008083046444070648
0.008269478176302098
0.00846016630653329
0.008655205980448055
0.008854694375869731
0.009058730741725878
0.009267416437547334
0.009480854973498317
0.009699152050932571
0.009922415603471098
0.010150755838594754
0.010384285279745251
0.010623118808926697
0.01086737370979868
0.011117169711251283
0.011372629031451018
0.011633876422345943
0.011901039214616216
0.012174247363056388
0.012453633492373025
0.012739332943380973
0.01303148381957963
0.013330227034089133
0.013635706356924843
0.013948068462587317
0.014267462977941951
0.014594042530362727
0.014927962796110378
0.01526938254891525
0.015618463708731871
0.01597537139063073
0.016340273953790365
0.01671334305055075
0.017094753675486112
0.01748468421445371
0.017883316493571496
0.018290835828075745
0.01870743107100673
0.019133294661667213
0.019568622673796505
0.02001361486339846
0.020468474716160392
0.020933409494394175
0.021408630283430277
0.021894352037389212
0.022390793624253207
0.02289817787015637
0.02341673160280784
0.02394668569395827
0.024488275100816987
0.025041738906320738
0.025607320358153912
0.026185266906412017
0.026775830239798834
0.027379266320241367
0.027995835415802056
0.028625802131763457
0.029269435439755874
0.029927008704791605
0.03059879971006744
0.03128509067938834
0.03198616829706303
0.03270232372511459
0.03343385261764534
0.034181055132188505
0.03494423593787456
0.03572370422023464
0.036519773682456104
0.037332762542902805
0.038162993528703525
0.039010793865209115
0.03987649526111186
0.04076043388901542
0.04166295036123789
0.042584389700626495
0.04352510130615374
0.04448543891306462
0.045465760547334165
0.04646642847419338
0.04748780914047547
0.048530273110529695
0.04959419499544557
0.050679953375328296
0.051787930714358214
0.05291851326836944
0.05407209098467417
0.05524905739386065
0.056449809493288865
0.0576747476220063
0.05892427532680579
0.060198799219145734
0.061498728822655085
0.06282447641094277
0.0641764568354369
0.06555508734297724
0.06696078738289049
0.06839397840327986
0.069855083636266
0.07134452787192154
0.07286273722064987
0.07441013886376213
0.07598716079202301
0.07759423153193655
0.07923177985956283
0.08090023450166388
0.08260002382399326
0.08433157550655766
0.08609531620569862
0.08789167120285545
0.0897210640398966
0.09158391614092211
0.0934806464204674
0.09541167087805999
0.09737740217910969
0.09937824922213855
0.10141461669238677
0.10348690460186756
0.10559550781596498
0.10774081556672048
0.10992321095297497
0.11214307042758251
0.11440076327194726
0.11669665105817838
0.11903108709920046
0.12140441588720706
0.1238169725208815
0.12626908212187185
0.12876105924104253
0.13129320725508697
0.1338658177541325
0.13647916992102374
0.13913352990302458
0.14182915017673656
0.14456626890708296
0.14734510930126957
0.15016587895868444
0.15302876921776057
0.15593395450087882
0.15888159165844654
0.1618718193133418
0.16490475720696773
0.16798050554821892
0.1710991443667054
0.17426073287164254
0.17746530881785066
0.1807128878803642
0.18400346303918833
0.18733700397578454
0.19071345648289786
0.19413274188938384
0.1975947565017049
0.2010993710638108
0.2046464302371219
0.20823575210235612
0.21186712768495494
0.21554032050585653
0.21925506615937773
0.22301107191994177
0.2268080163793907
0.2306455491165888
0.23452329040100434
0.23844083093191326
0.24239773161483477
0.2463935233767532
0.25042770702162687
0.25449975312762246
0.2586091019874311
0.2627551635929578
0.2669373176655749
0.27115491373304973
0.2754072712541396
0.2796936797917535
0.28401339923545443
0.2883656600739637
0.2927496637181914
0.2971645828751915
0.3016095619732976
0.30608371763855935
0.3105861392224377
0.31511588938058493
0.3196720047023625
0.3242534963906154
0.3288593509910386
0.33348853117033517
0.33813997654218947
0.34281260453993706
0.34750531133463397
0.35221697279709596
0.35694644550230836
0.3616925677744687
0.36645416077077664
0.37123002960194335
0.37601896448726596
0.38081974194198137
0.3856311259944971
0.3904518694309833
0.3952807150647092
0.4001163970274128
0.4049576420799154
0.40980317093910595
0.41465169961837056
0.41950194077848585
0.42435260508595374
0.42920240257572995
0.434050044015274
0.4388942422668542
0.44373371364504505
0.4485671792663593
0.4533933663880121
0.4582110097328329
0.463018852797412
0.46781564914061935
0.472600163649716
0.47737117378136107
0.4821274707749149
0.4868678608355335
0.49159116628467464
0.4962962266757474
0.5009818998727654
0.5056470630900051
0.5102906138907968
0.5149114711437398
0.5195085759347607
0.5240808924336084
0.5286274087135184
0.5331471375229445
0.5376391170084103
0.5421024113877039
0.5465361115727762
0.5509393357418818
0.5553112298606477
0.5596509681519103
0.5639577535143089
0.5682308178897777
0.5724694225802102
0.5766728585137215
0.5808404464610515
0.5849715372027894
0.5890655116482146
0.5931217809066714
0.5971397863124871
0.601118999404561
0.6050589218618336
0.608959085395932
0.6128190516023776
0.6166384117717918
0.6204167866626199
0.624153826236937
0.627849209360953
0.6315026434718721
0.6351138642127979
0.6386826350374002
0.6422087467860844
0.6456920172354096
0.6491322906225148
0.6525294371463076
0.6558833524471774
0.659193957066961
0.6624611958908962
0.6656850375732649
0.6688654739484028
0.6720025194287265
0.6750962103913916
0.6781466045551565
0.681153780348993
0.684117836273931
0.6870388902595836
0.6899170790167518
0.6927525573874499
0.6955454976936499
0.6982960890859804
0.7010045368935629
0.7036710619761182
0.7062959000794089
0.7088793011950371
0.7114215289255492
0.7139228598557545
0.7163835829310963
0.7188039988438647
0.7211844194279844
0.7235251670630519
0.7258265740882497
0.7280889822267042
0.7303127420208092
0.7324982122789846
0.7346457595342907
0.7367557575152709
0.7388285866293511
0.7408646334590813
0.7428642902714587
0.7448279545405344
0.7467560284834672
0.748648918610146
0.7505070352864734
0.7523307923113669
0.7541206065074961
0.7558768973257587
0.7576000864634527
0.7592905974960878
0.760948855522749
0.7625752868249019
0.7641703185385086
0.7657343783393026
0.7672678941410529
0.7687712938066278
0.7702450048716564
0.771689454280571
0.7731050681347963
0.7744922714528449
0.7758514879420673
0.7771831397817897
0.7784876474175733
0.7797654293663139
0.7810169020318997
0.7822424795311367
0.7834425735296511
0.7846175930874681
0.7857679445139719
0.7868940312319437
0.7879962536503782
0.7890750090457744
0.7901306914516024
0.7911636915556411
0.7921743966048966
0.7931631903177955
0.7941304528033648
0.79507656048711
0.7960018860432969
0.7969067983333649
0.797791662350183
0.7986568391678832
0.7995026858969985
0.8003295556446446
0.8011377974794853
0.8019277564012348
0.8026997733144468
0.8034541850063527
0.8041913241285199
0.8049115191820985
0.805615094506441
0.8063023702708833
0.8069736624694764
0.8076292829184795
0.808269539256411
0.8088947349464864
0.8095051692812558
0.8101011373892741
0.8106829302436442
0.8112508346722715
0.8118051333696851
0.8123461049102815
0.8128740237628552
0.8133891603062889
0.8138917808462788
0.8143821476329817
0.8148605188794711
0.8153271487809021
0.8157822875342838
0.8162261813587688
0.8166590725163712
0.8170811993330334
0.8174927962199611
0.8178940936951565
0.8182853184050792
0.8186666931463698
0.8190384368875759
0.8194007647908209
0.81975388823336
0.82009801482897
0.8204333484491206
0.8207600892438773
0.8210784336624861
0.8213885744735914
0.8216907007850364
0.8219849980631996
0.8222716481518119
0.8225508292902057
0.822822716130941
0.8230874797567473
0.8233452876967268
0.8235963039417474
0.8238406889589626
0.8240785997053779
0.8243101896403885
0.8245356087371973
0.8247550034930233
0.8249685169379922
0.8251762886426068
0.8253784547236692
0.8255751478485318
0.825766497237528
0.8259526286644396
0.8261336644548258
0.8263097234820413
0.8264809211607482
0.8266473694377113
0.8268091767796553
0.8269664481579365
0.8271192850297734
0.8272677853157492
0.8274120433732897
0.827552149965789
0.8276881922270346
0.8278202536205638
0.8279484138935432
0.8280727490247515
0.8281933311661996
0.8283102285779038
0.8284235055552821
0.8285332223486148
0.8286394350739689
0.8287421956149456
0.8288415515145648
0.8289375458565562
0.8290302171352738
0.8291195991134015
0.8292057206665565
0.8292886056138397
0.8293682725333188
0.8294447345613571
0.8295179991746338
0.8295880679536167
0.8296549363261722
0.8297185932899004
0.8297790211117012
0.8298361950029569
0.8298900827686325
0.8299406444284578
0.8299878318082524
0.8300315880993081
0.8300718473836189
0.8301085341225883
0.8301415626066985
0.8301708363634485
0.8301962475206999
0.8302176761223748
0.8302349893932526
0.8302480409494011
0.8302566699505539
0.8302607001905054
0.830259939121347
0.8302541768071048
0.8302431848020556
0.8302267149487057
0.8302044980901149
0.8301762426909118
0.8301416333610204
0.8301003292757557
0.8300519624855811
0.8299961361084348
0.8299324223971385
0.8298603606739892
0.8297794551242154
0.8296891724395503
0.8295889393027319
0.829478139703302
0.8293561120746334
0.8292221462416668
0.8290754801684136
0.8289152964938631
0.8287407188445232
0.8285508079114758
0.8283445572794791
0.8281208889953898
0.8278786488629574
0.8276166014509104
0.8273334248012357
0.8270277048246202
0.8266979293702803
0.8263424819577916
0.8259596351591482
0.8255475436201336
0.8251042367112035
0.8246276107995468
0.8241154211358177
0.8235652733513016
0.8229746145640452
0.8223407240958195
0.8216607038057738
0.8209314680513532
0.8201497332926215
0.8193120073625952
0.818414578433735
0.8174535037194107
0.8164245979591273
0.8153234217476539
0.8141452697811161
0.8128851591076708
0.8115378174867585
0.8100976719791996
0.8085588379107068
0.8069151083737844
0.805159944457563
0.8032864664218485
0.8012874460605836
0.7991553005308369
0.7968820879562704
0.7944595051484102
0.7918788878246393
0.7891312137380451
0.7862071091703864
0.7830968592746116
0.779790422786396
0.7762774516537557
0.772547316158269
0.7685891361189343
0.7643918187780098
0.7599441039648948
0.7552346171164928
0.7502519306976436
0.7449846345100789
0.7394214152998095
0.7335511459678705
0.7273629845551262
0.7208464830060107
0.7139917055169648
0.706789356042132
0.6992309142621448
0.691308779023492
0.6830164179299628
0.6743485214198798
0.6653011593016278
0.6558719373560621
0.6460601512608878
0.635866934764601
0.6252953987532753
0.6143507576312646
0.6030404392958171
0.5913741749445632
0.5793640650306899
0.5670246178874526
0.5543727578908542
0.5414278005206902
0.5282113923123589
0.5147474144540486
0.5010618496569728
0.4871826128833574
0.47313934752363646
0.45896318963113103
0.4446865038057373
0.43034259522327223
0.41596540309081825
0.4015891814320956
0.387248173538755
0.37297628664134275
0.35880677334598304
0.3447719261501173
0.3309027909049696
0.3172289044569378
0.3037780609069028
0.29057611001478423
0.27764679028979067
0.2650115982894184