0.00002702369278257996
0.000027653134805053507
0.000028297237442759546
0.0000289563421394443
0.000029630798289939617
0.00003032096342526601
0.00003102720340204198
0.00003174989259630076
0.00003248941410181556
0.000033246159933039895
0.000034020531232768586
0.00003481293848462978
0.000035623801730520433
0.000036453550793099963
0.00003730262550345918
0.000038171475934085366
0.00003906056263724583
0.00003997035688891678
0.00004090134093838509
0.000041854008263655584
0.00004282886383279815
0.000043826424371373386
0.0000448472186360768
0.000045891787694746735
0.000046960685212883305
0.00004805447774683027
0.00004917374504377337
0.00005031908034871415
0.00005149109071858093
0.000052690397343642064
0.000053917635876392494
0.00005517345676808469
0.0000564585256130833
0.00005777352350122333
0.000059119147378359985
0.00006049611041529662
0.00006190514238528887
0.00006334699005031999
0.00006482241755635497
0.0000663322068377777
0.00006787715803122653
0.00006945808989904457
0.0000710758402625697
0.00007273126644548886
0.00007442524572749373
0.00007615867580847235
0.00007793247528348566
0.0000797475841287734
0.00008160496419904907
0.00008350559973634196
0.00008545049789065788
0.00008744068925272676
0.00008947722839912135
0.00009156119445003135
0.00009369369163998493
0.00009587584990182047
0.00009810882546421076
0.00010039380146305574
0.00010273198856706458
0.00010512462561785371
0.00010757298028489654
0.00011007834973567057
0.00011264206132134738
0.00011526547327839296
0.00011794997544643743
0.00012069699000279511
0.0001235079722140168
0.00012638441120487064
0.0001293278307451488
0.0001323397900547162
0.00013542188462721812
0.00013857574707288085
0.000141803047980842
0.00014510549680146295
0.00014848484274908232
0.00015194287572568437
0.0001554814272659601
0.00015910237150425658
0.00016280762616391776
0.00016659915356952965
0.00017047896168260335
0.00017444910516122735
0.0001785116864442434
0.00018266885686051349
0.000186922817763848
0.00019127582169418847
0.0001957301735656484
0.0002002882318820245
0.0002049524099804169
0.000209725177303593
0.00021460906070176346
0.00021960664576443548
0.0002247205781830456
0.0002299535651450617
0.00023530837676028697
0.00024078784752009532
0.0002463948777903593
0.00025213243533883233
0.00025800355689777977
0.0002640113497626598
0.00027015899342768316
0.00027644974125908624
0.00028288692220698465
0.0002894739425566823
0.00029621428772033876
0.0003031115240699157
0.0003101693008123372
0.00031739135190782464
0.0003247814980324015
0.0003323436485855515
0.0003400818037440723
0.000348000056563167
0.00035610259512584386
0.00036439370474173
0.00037287777019640386
0.0003815592780523997
0.00039044281900306005
0.0003995330902804137
0.00040883489811831904
0.00041835316027210673
0.0004280929085960095
0.00043805929167966754
0.0004482575775450588
0.00045869315640519916
0.00046937154348600593
0.000480298381912757
0.0004914794456625757
0.0005029206425844403
0.0005146280174882246
0.0005266077553043116
0.0005388661843153779
0.0005514097794619363
0.0005642451657233005
0.000577379121575657
0.0005908185825289506
0.0006045706447443485
0.000618642568734068
0.0006330417831453979
0.0006477758886307953
0.0006628526618059464
0.0006782800592977362
0.0006940662218841474
0.0007102194787280763
0.0007267483517071608
0.0007436615598417302
0.0007609680238230344
0.0007786768706439405
0.0007967974383343742
0.0008153392808037678
0.0008343121727928573
0.0008537261149372468
0.0008735913389451248
0.0008939183128916578
0.0009147177466325714
0.0009360005973395004
0.0009577780751597703
0.0009800616490032537
0.0010028630524590648
0.0010261942898449
0.001050067642391831
0.0010744956745674832
0.001099491240540551
0.0011250674907896398
0.0011512378788595594
0.0011780161682681328
0.0012054164395667445
0.0012334530975578889
0.001262140878672987
0.0012914948585138616
0.0013215304595613027
0.001352263459054215
0.0013837099970428718
0.00141588658461995
0.0014488101123329778
0.0014824978587819422
0.001516967499405917
0.0015522371154625284
0.0015883252032042295
0.0016252506832553932
0.0016630329101942818
0.0017016916823440684
0.001741247251777079
0.0017817203345365496
0.0018231321210802677
0.001865504286950468
0.0019088590036744893
0.001953218949900734
0.0019986073227745505
0.002045047849558721
0.0020925647995033033
0.0021411829959696337
0.0021909278288134116
0.0022418252670317854
0.002293901871679446
0.002347184809058865
0.0024017018641897562
0.002457481454562992
0.0025145526441843094
0.0025729451579130152
0.002632689396101148
0.002693816449538606
0.0027563581147095986
0.0028203469093661068
0.0028858160884239078
0.002952799660186798
0.003021332402904814
0.003091449881672091
0.0031631884656701937
0.0032365853457628187
0.0033116785524476096
0.0033885069741710736
0.0034671103760124983
0.003547529418742815
0.0036298056782643412
0.0037139816654374884
0.003800100846300259
0.0038882076626867005
0.003978347553250164
0.004070566974897422
0.004164913424639586
0.004261435461865775
0.004360182731045395
0.00446120598486502
0.004564557107805496
0.004670289140165265
0.004778456302535421
0.0048891140207322015
0.005002318951192458
0.005118129006837501
0.005236603383410614
0.00535780258629362
0.005481788457807206
0.0056086242050003695
0.005738374427933291
0.005871105148458493
0.006006883839504521
0.006145779454866312
0.006287862459506149
0.006433204860368835
0.0065818802377146015
0.006733963776972535
0.00688953230111765
0.0070486643035737526
0.007211439981644199
0.00737794127047235
0.007548251877532754
0.007722457317653928
0.007900644948573189
0.008082904007022988
0.008269325645348394
0.008460002968654054
0.008655031072478944
0.008854507080996145
0.009058530185734506
0.009267201684817962
0.009480625022718105
0.009698905830513834
0.009922151966652273
0.010150473558202939
0.010383983042597245
0.01062279520984387
0.010867027245209392
0.01111679877235288
0.01137223189690136
0.01163345125045271
0.011900584034989854
0.012173760067690494
0.012453111826113457
0.01273877449374245
0.013030886005865881
0.013329587095769738
0.013635021341218852
0.01394733521120046
0.014266678112900737
0.01459320243888511
0.014927063614448668
0.015268420145102775
0.015617433664160536
0.015974268980381828
0.016339094125635976
0.01671208040253791
0.017093402432010053
0.017483238200720726
0.01788176910834545
0.018289180014595667
0.018705659285955665
0.019131398842065033
0.019566594201681314
0.020011444528152664
0.020466152674328695
0.020930925226831
0.02140597254960415
0.021891508826660955
0.02238775210393342
0.022894924330135853
0.02341325139654177
0.0239429631755718
0.02448429355808576
0.025037480489264796
0.025602766002967875
0.02618039625443783
0.026770621551229685
0.027373696382227156
0.027989879444607197
0.028619433668607263
0.02926262623994432
0.029919728619726513
0.030591016561695095
0.031276770126624706
0.031977273693706
0.03269281596872638
0.033423689988858564
0.034170193123859445
0.03493262707347475
0.03571129786083857
0.036506515821647635
0.03731859558888625
0.03814785607286687
0.038994620436346765
0.03985921606447223
0.04074197452929543
0.04164323154860011
0.04256332693876819
0.04350260456140664
0.04446141226345387
0.045440101810470875
0.046439028812820256
0.047458552644427755
0.04849903635381378
0.04956084656707717
0.05064435338250767
0.051749930256495526
0.052877953880405566
0.05402880404807299
0.0552028635135782
0.05640051783895168
0.05762215523145668
0.05886816637009589
0.060138944220984855
0.06143488384123525
0.06275638217098839
0.06410383781324287
0.06547765080111821
0.06687822235220238
0.06830595460963135
0.0697612503695567
0.07124451279466036
0.07275614511338713
0.07429655030456847
0.07586613076712974
0.07746528797457693
0.07909442211397902
0.08075393170917507
0.08244421322795373
0.08416566067297158
0.08591866515620189
0.0877036144567242
0.08952089256169807
0.09137087919038737
0.0932539493011381
0.09517047258124256
0.09712081291966379
0.09910532786263014
0.10112436805215341
0.10317827664757423
0.10526738873027504
0.10739203069176888
0.10955251960541106
0.11174916258204906
0.11398225610998261
0.11625208537967027
0.11855892359368522
0.12090303126249743
0.12328465548672399
0.12570402922657636
0.1281613705593021
0.13065688192550798
0.13319074936533185
0.1357631417455181
0.13837420997854133
0.14102408623501442
0.14371288315070704
0.14644069302960067
0.14920758704449386
0.152013614436776
0.15485880171707875
0.15774315186861365
0.1606666435551007
0.16362923033528526
0.16663083988614089
0.16967137323693826
0.17275070401646023
0.1758686777157183
0.17902511096861687
0.1822197908530831
0.18545247421525668
0.18872288701939316
0.19203072372620666
0.19537564670241025
0.19875728566427772
0.20217523715806582
0.20562906408017043
0.20911829523990486
0.2126424249677811
0.2162009127721799
0.21979318304725465
0.22341862483489378
0.2270765916435053
0.2307664013263281
0.23448733602188704
0.238238642159118
0.24201953052957317
0.24582917642898736
0.24966671987034372
0.2535312658704048
0.25742188481150746
0.2613376128802117
0.2652774525841928
0.26924037334852163
0.27322531219224994
0.27723117448594153
0.28125683479053487
0.28530113777761423
0.28936289923088665
0.2934409071283388
0.29753392280423974
0.3016406821898133
0.3057598971310859
0.3098902567820635
0.3140304290710631
0.3181790622376664
0.3223347864374378
0.3264962154112001
0.33066194821533895
0.33483057100926966
0.33900065889590314
0.34317077781062927
0.34733948645406243
0.35150533826351604
0.35566688341792074
0.3598226708706787
0.3639712504047307
0.3681111747039365
0.3722410014347098
0.3763592953317214
0.3804646302813916
0.3845555913968207
0.38863077707777144
0.3926888010493145
0.3967282943727829
0.40074790742273725
0.4047463118237432
0.40872220234089307
0.4126742987181598
0.41660134745887817
0.4205021235428468
0.4243754320748277
0.428220109859476
0.4320350268980545
0.43581908780261064
0.4395712331236496
0.44329044058770734
0.4469757262416247
0.45062614550071106
0.45424079409842366
0.45781880893559684
0.46135936882769446
0.46486169514899706
0.46832505237306027
0.4717487485092292
0.4751321354354085
0.47847460912772144
0.48177560978809286
0.4850346218711966
0.4882511740125856
0.4914248388602001
0.49455523281178393
0.4976420156610761
0.5006848901559472
0.5036836014719321
0.5066379366048623
0.5095477236865392
0.512412831227588
0.5152331672918149
0.5180086786065312
0.5207393496134421
0.523425201464782
0.5260662909694598
0.5286627094940037
0.5312145818231286
0.5337220649847289
0.5361853470440712
0.5386046458719149
0.5409802078911978
0.5433123068068376
0.5456012423230912
0.5478473388527663
0.5500509442224478
0.552212428377733
0.5543321820922951
0.5564106156844195
0.5584481577444529
0.5604452538764105
0.5624023654567808
0.5643199684133566
0.566198552026702
0.5680386177566531
0.5698406780960388
0.5716052554535861
0.573332881067763
0.5750240939531116
0.5766794398804032
0.5782994703917693
0.5798847418517464
0.5814358145350018
0.582953251751326
0.5844376190082966
0.585889483211872
0.5873094119050042
0.5886979725442254
0.5900557318140247
0.5913832549787041
0.5926811052712918
0.5939498433189755
0.5951900266044327
0.596402208962338
0.5975869401102524
0.5987447652130319
0.5998762244798272
0.6009818527927011
0.6020621793658353
0.6031177274342733
0.6041490139711091
0.6051565494320104
0.6061408375259509
0.6071023750110166
0.6080416515141424
0.6089591493736457
0.6098553435034172
0.6107307012776516
0.6115856824350072
0.6124207390011053
0.6132363152282978
0.6140328475516629
0.6148107645602039
0.615570486982265
0.6163124276842032
0.617036991681388
0.617744576160633
0.6184355705131999
0.6191103563775465
0.6197693076910274
0.6204127907497918
0.6210411642761549
0.6216547794927588
0.6222539802028693
0.6228391028761907
0.6234104767396181
0.6239684238723718
0.6245132593049981
0.6250452911217454
0.6255648205658635
0.6260721421473936
0.6265675437530498
0.6270513067578222
0.6275237061379519
0.6279850105849581
0.6284354826204204
0.6288753787112371
0.6293049493851134
0.6297244393460383
0.6301340875895434
0.6305341275175452
0.6309247870525935
0.6313062887513641
0.6316788499172513
0.6320426827119264
0.6323979942657442
0.632744986786891
0.6330838576691825
0.6334147995984255
0.633738000657269
0.6340536444284858
0.6343619100966249
0.6346629725479875
0.6349570024688908
0.635244166442181
0.6355246270419727
0.6357985429265913
0.6360660689297033
0.6363273561496202
0.6365825520367737
0.6368318004793542
0.6370752418871141
0.6373130132733377
0.6375452483349869
0.6377720775310254
0.6379936281589337
0.6382100244294295
0.6384213875394001
0.6386278357430685
0.6388294844214016
0.639026446149784
0.6392188307639658
0.6394067454243106
0.6395902946783523
0.6397695805216842
0.6399447024571947
0.6401157575526676
0.6402828404967599
0.6404460436533795
0.64060545711447
0.6407611687512219
0.6409132642637202
0.641061827229042
0.6412069391478125
0.6413486794892302
0.6414871257345668
0.6416223534191478
0.6417544361728192
0.6418834457588992
0.6420094521116151
0.6421325233720241
0.6422527259224122
0.6423701244191594
0.6424847818240671
0.6425967594341284
0.642706116909726
0.642812912301239
0.6429172020740311
0.643019041131796
0.6431184828382259
0.6432155790369675
0.6433103800698241
0.6434029347931598
0.6434932905924525
0.6435814933949409
0.643667587680302
0.6437516164892918
0.6438336214302728
0.6439136426835447
0.6439917190033912
0.6440678877177423
0.6441421847253442
0.6442146444903255
0.6442853000340276
0.6443541829239662
0.6444213232597786
0.6444867496559894
0.6445504892214325
0.6446125675351331
0.644673008618457
0.6447318349033063
0.644789067196131
0.644844724637503
0.6448988246569862
0.6449513829230108
0.6450024132874386
0.6450519277244874
0.6450999362636533
0.6451464469162412
0.6451914655950967
0.6452349960270837
0.6452770396578419
0.6453175955483005
0.6453566602624082
0.6453942277454867
0.6454302891925752
0.6454648329060942
0.645497844142102
0.6455293049443652
0.6455591939654186
0.6455874862737204
0.6456141531459508
0.6456391618434363
0.645662475371609
0.6456840522213342
0.6457038460908555
0.6457218055870289
0.6457378739044141
0.6457519884807003
0.6457640806268374
0.6457740751301305
0.6457818898284408
0.6457874351535049
0.645790613641259
0.6457913194069007
0.6457894375822842
0.6457848437130722
0.6457774031129109
0.6457669701717028
0.6457533876148763
0.6457364857103381
0.6457160814195955
0.645691977489306
0.6456639614792817
0.6456318047227307
0.64559526121426
0.6455540664208986
0.6455079360111159
0.6454565644965231
0.6453996237806391
0.6453367616087926
0.6452675999129115
0.6451917330446123
0.6451087258896758
0.6450181118566461
0.6449193907319463
0.6448120263935598
0.6446954443749885
0.6445690292708569
0.644432121975224
0.6442840167433503
0.6441239580674001
0.6439511373563114
0.6437646894098745
0.6435636886769067
0.6433471452873437
0.6431140008480682
0.6428631239924066
0.6425933056734477
0.642303254191705
0.6419915899481834
0.6416568399146378
0.6412974318137795
0.6409116880034074
0.6404978190599927
0.6400539170591187
0.6395779485525003
0.6390677472440507
0.6385210063707702
0.6379352707981114
0.637307928844037
0.6366362038512993
0.6359171455336233
0.6351476211285552
0.6343243063978563
0.6334436765255594
0.6325019969742757
0.6314953143721417
0.6304194475160253
0.629269978591355
0.6280422447252757
0.6267313300078335
0.6253320581355717
0.6238389858532994
0.6222463973928106
0.6205483001319073
0.618738421723035
0.6168102089679249
0.6147568287425138
0.6125711713045974
0.6102458563445751
0.6077732421664905
0.6051454384114314
0.6023543227571004
0.5993915620446596
0.5962486382952396
0.592916880082035
0.5893874997176788
0.5856516366984734
0.5817004078147079
0.5775249642873407
0.57311655622335
0.5684666045927412
0.5635667808174755
0.5584090939247712
0.5529859850532597
0.5472904289100246
0.5413160415604537
0.5350571936930576
0.5285091282415467
0.5216680809717679
0.5145314023586284
0.5070976787969828
0.4993668509214023
0.4913403265654702
0.4830210856855709
0.4744137744218895
0.46552478538537884
0.4563623212580166
0.4469364388872235
0.4372590712536328
0.4273440250003741
0.4172069516327921
0.40686529102543445
0.3963381864976132
0.3856463714227573
0.37481202809723846
0.36385862038303773
0.3528107024235168
0.3416937064782005
0.3305337135964179
0.3193572114181867
0.3081908438255971
0.2970611574467923
0.28599435012308116
0.2750160263819465
0.26415096471840627
0.25342290108678756
0.24285433246506813