0.5589744624345585
0.5589740451283478
0.5589736181024717
0.5589731811305603
0.5589727339809726
0.5589722764166734
0.5589718081951076
0.5589713290680722
0.5589708387815848
0.558970337075748
0.5589698236846131
0.5589692983360383
0.5589687607515452
0.5589682106461709
0.5589676477283168
0.5589670716995948
0.5589664822546688
0.5589658790810932
0.5589652618591476
0.5589646302616665
0.5589639839538671
0.5589633225931723
0.5589626458290273
0.5589619533027163
0.5589612446471711
0.5589605194867774
0.5589597774371755
0.5589590181050569
0.5589582410879561
0.5589574459740375
0.5589566323418778
0.5589557997602418
0.5589549477878548
0.5589540759731696
0.5589531838541262
0.5589522709579078
0.5589513368006908
0.5589503808873884
0.5589494027113883
0.5589484017542855
0.5589473774856065
0.5589463293625303
0.5589452568295991
0.5589441593184263
0.5589430362473947
0.5589418870213488
0.5589407110312801
0.5589395076540048
0.5589382762518347
0.5589370161722382
0.5589357267474973
0.5589344072943525
0.5589330571136428
0.5589316754899349
0.5589302616911453
0.5589288149681533
0.5589273345544047
0.5589258196655056
0.5589242694988095
0.5589226832329912
0.5589210600276134
0.5589193990226825
0.5589176993381932
0.5589159600736645
0.5589141803076629
0.5589123590973158
0.5589104954778127
0.5589085884618968
0.5589066370393414
0.5589046401764176
0.5589025968153477
0.5589005058737467
0.55889836624405
0.5588961767929291
0.5588939363606927
0.5588916437606745
0.5588892977786067
0.5588868971719786
0.5588844406693809
0.5588819269698352
0.5588793547421059
0.5588767226239993
0.5588740292216435
0.5588712731087536
0.5588684528258799
0.5588655668796365
0.5588626137419148
0.5588595918490776
0.5588564996011341
0.5588533353608968
0.5588500974531176
0.5588467841636066
0.5588433937383265
0.5588399243824699
0.558836374259513
0.5588327414902489
0.558829024151796
0.5588252202765882
0.5588213278513358
0.5588173448159681
0.5588132690625478
0.558809098434162
0.5588048307237867
0.5588004636731273
0.5587959949714285
0.5587914222542608
0.5587867431022766
0.5587819550399387
0.558777055534219
0.558772041993267
0.5587669117650492
0.5587616621359552
0.558756290329373
0.558750793504231
0.5587451687535074
0.5587394131027035
0.5587335235082845
0.5587274968560823
0.5587213299596617
0.558715019558652
0.5587085623170364
0.5587019548214044
0.5586951935791646
0.5586882750167145
0.5586811954775706
0.5586739512204537
0.5586665384173329
0.5586589531514222
0.5586511914151325
0.5586432491079775
0.5586351220344301
0.558626805901732
0.5586182963176514
0.55860958878819
0.5586006787152391
0.5585915613941801
0.5585822320114326
0.5585726856419448
0.5585629172466275
0.558552921669731
0.5585426936361604
0.5585322277487302
0.5585215184853594
0.5585105601961986
0.5584993471006954
0.558487873284592
0.5584761326968544
0.5584641191465343
0.5584518262995564
0.5584392476754371
0.5584263766439258
0.5584132064215738
0.5583997300682221
0.5583859404834134
0.5583718304027216
0.5583573923939994
0.5583426188535412
0.5583275020021602
0.5583120338811781
0.5582962063483236
0.5582800110735403
0.5582634395347008
0.5582464830132245
0.5582291325895976
0.558211379138794
0.5581932133255938
0.5581746255997979
0.5581556061913353
0.5581361451052638
0.5581162321166582
0.5580958567653859
0.5580750083507671
0.558053675926117
0.5580318482931684
0.5580095139963698
0.5579866613170599
0.5579632782675127
0.5579393525848537
0.5579148717248416
0.5578898228555139
0.5578641928506952
0.5578379682833629
0.557811135418869
0.5577836802080147
0.5577555882799747
0.5577268449350684
0.5576974351373757
0.5576673435071923
0.5576365543133237
0.5576050514652138
0.5575728185049038
0.5575398385988201
0.5575060945293874
0.5574715686864613
0.5574362430585815
0.5574000992240377
0.5573631183417471
0.5573252811419405
0.5572865679166517
0.5572469585100073
0.5572064323083132
0.5571649682299356
0.5571225447149704
0.5570791397146984
0.5570347306808218
0.5569892945544821
0.5569428077550477
0.5568952461686751
0.5568465851366363
0.5567967994434072
0.5567458633045168
0.5566937503541497
0.5566404336324998
0.5565858855728707
0.5565300779885185
0.556472982059234
0.5564145683176588
0.5563548066353324
0.5562936662084659
0.5562311155434373
0.5561671224420084
0.5561016539862511
0.5560346765231894
0.555966155649145
0.5558960561937867
0.5558243422038776
0.5557509769267193
0.5556759227932846
0.5555991414010403
0.5555205934964511
0.5554402389571667
0.5553580367738823
0.5552739450318753
0.5551879208922103
0.5550999205726103
0.5550098993279935
0.5549178114306688
0.5548236101501903
0.5547272477328665
0.554628675380922
0.5545278432313093
0.5544247003341704
0.5543191946309419
0.5542112729321076
0.5541008808945911
0.5539879629987937
0.5538724625252697
0.5537543215310448
0.5536334808255731
0.5535098799463329
0.5533834571340662
0.5532541493076553
0.5531218920386435
0.5529866195253991
0.5528482645669242
0.5527067585363132
0.5525620313538596
0.5524140114598185
0.5522626257868285
0.5521077997319934
0.551949457128635
0.5517875202177182
0.5516219096189557
0.5514525443016024
0.5512793415549431
0.5511022169584855
0.5509210843518674
0.550735855804486
0.550546441584866
0.550352750129772
0.5501546880130844
0.5499521599144505
0.549745068587723
0.5495333148292122
0.5493167974457563
0.5490954132226396
0.5488690568913741
0.5486376210973664
0.5484009963674924
0.5481590710776076
0.5479117314200129
0.5476588613709102
0.5474003426578705
0.5471360547273522
0.5468658747122936
0.5465896773998247
0.5463073351991233
0.5460187181094629
0.5457236936884885
0.5454221270207613
0.5451138806866223
0.5447988147314149
0.5444767866351221
0.5441476512824657
0.5438112609335213
0.5434674651949107
0.5431161109916254
0.5427570425395437
0.5423901013187112
0.5420151260474472
0.5416319526573463
0.541240414269257
0.5408403411703026
0.5404315607920329
0.5400138976897857
0.5395871735233443
0.5391512070389815
0.5387058140529821
0.5382508074367413
0.5377859971035376
0.5373111899970832
0.536826190081962
0.5363307983360612
0.5358248127451146
0.5353080282994727
0.534780236993224
0.5342412278257911
0.5336907868061297
0.5331286969596675
0.5325547383381145
0.5319686880322884
0.5313703201880984
0.5307594060258333
0.5301357138629073
0.5294990091402163
0.5288490544522635
0.528185609581215
0.5275084315350489
0.5268172745899695
0.526111890337249
0.5253920277346773
0.5246574331627906
0.5239078504860569
0.5231430211192013
0.5223626840988456
0.5215665761606528
0.5207544318221539
0.5199259834714451
0.519080961461938
0.5182190942133512
0.5173401083191222
0.5164437286604292
0.5155296785269992
0.514597679744887
0.5136474528114006
0.5126787170373447
0.5116911906967607
0.5106845911843183
0.5096586351805306
0.5086130388249402
0.5075475178974278
0.5064617880077839
0.5053555647936753
0.5042285641271318
0.5030805023296634
0.5019110963961111
0.5007200642273233
0.49950712487173143
0.4982719987758898
0.49701440804402525
0.49573407670663094
0.49443073099811313
0.493104099643491
0.4917539141541224
0.49037990913240875
0.4889818225854156
0.4875593962473136
0.4861123759105279
0.48464051176545364
0.4831435587485707
0.48162127689876105
0.4800734317216063
0.47849979456140984
0.47690014298065714
0.4752742611465988
0.4736219402246038
0.47194297877789876
0.47023718317327434
0.4685043679923034
0.4667443564475806
0.46495698080345443
0.46314208280068975
0.4612995140844549
0.45942913663499807
0.45753082320033256
0.4556044577302167
0.4536499358106777
0.45166716509828825
0.449656065753373
0.4476165708712813
0.4455486269108339
0.44345219411901055
0.44132724695092207
0.43917377448407174
0.43699178082588747
0.4347812855134771
0.43254232390453556
0.4302749475583082
0.42797922460550164
0.4256552401060044
0.42330309639328345
0.4209229134042952
0.4185148289937546
0.41607899923160024
0.4136155986824866
0.41112482066615685
0.40860687749753866
0.40606200070543624
0.4034904412286969
0.4008924695887664
0.39826837603756254
0.395618470679639
0.39294308356764535
0.3902425647701272
0.3875172844107709
0.3847676326782345
0.3819940198057773
0.37919687601995017
0.3763766514576929
0.3735338160512359
0.3706688593803013
0.3677822904911569
0.36487463768218376
0.36194644825568634
0.3589982882357804
0.3560307420522782
0.35304441219059524
0.35003991880780144
0.3470178993150373
0.343979007926624
0.34092391517629905
0.3378533074011153
0.33476788619364545
0.33166836782323716
0.3285554826271759
0.3254299743727051
0.3222925995909636
0.3191441268839904
0.3159853362060496
0.31281701812061835
0.3096399730344639
0.3064550104103303
0.30326294795982045
0.30006461081814767
0.29686083070248753
0.293652445055728
0.29044029617746714
0.28722523034416475
0.28400809692038437
0.2807897474631061
0.2775710348211087
0.2743528122314482
0.27113593241506173
0.2679212466735372
0.2647096039890747
0.2615018501296679
0.25829882676149657
0.25510137057050897
0.2519103123951247
0.24872647637195694
0.24555067909639552
0.2423837287998426
0.2392264245453188
0.23607955544310738
0.2329438998880093
0.229820224819716
0.22670928500771945
0.22361182236208177
0.22052856527131068
0.21746022796847156
0.2144075099265853
0.2113710952842457
0.2083516523022981
0.2053498328523096
0.20236627193746007
0.1994015872463725
0.19645637874030403
0.1935312282740074
0.19062669925047257
0.18774333630965434
0.1848816650511964
0.18204219179105977
0.1792254033518736
0.17643176688673012
0.17366172973606475
0.17091571931717128
0.16819414304582814
0.165497388289429
0.16282582235095014
0.1601797924830087
0.1575596259312144
0.15496563000595318
0.15239809218169204
0.14985728022284947
0.1473434423352299
0.14485680734198594
0.14239758488303886
0.13996596563686223
0.1375621215635102
0.13518620616775404
0.13283835478117592
0.13051868486206497
0.12822729631195065
0.12596427180761186
0.12372967714739966
0.121523561610725
0.11934595832956674
0.11719688467087438
0.11507634262875188
0.11298431922533538
0.1109207869192934
0.10888570402090908
0.10687901511272364
0.10490065147475876
0.10295053151335841
0.10102856119272578
0.09913463446826697
0.09726863372088193
0.09543043019138646
0.09361988441427857
0.09183684665010439
0.09008115731571191
0.08835264741172309
0.08665113894658857
0.08497644535662957
0.08332837192150504
0.0817067161745859
0.08011126830774676
0.07854181157012843
0.07699812266045383
0.07547997211252137
0.07398712467352644
0.07251933967490067
0.07107637139538574
0.06965796941609369
0.06826387896733238
0.06689384126700593
0.06554759385042443
0.06422487089138917
0.06292540351443891
0.061648920098171425
0.06039514656957644
0.0591638066893356
0.057954622328070506
0.05676731373353491
0.055601599788768934
0.05445719826124681
0.05333382604307064
0.0522311993822734
0.05114903410531098
0.05008704583083373
0.049044950174843734
0.04802246294735049
0.04701930034065152
0.04603517910936995
0.045069816742393576
0.04412293162686328
0.043194243204367974
0.04228347211950691
0.04139034036098791
0.04051457139543161
0.039655890294057916
0.03881402385243116
0.03798870070344667
0.03717965142373956
0.036386608633700454
0.03560930709128279
0.03484748377978611
0.0341008779898018
0.03336923139550461
0.032652288125474986
0.031949794828233576
0.03126150073267073
0.030587157703548938
0.029926520292257314
0.029279345782991236
0.028645394234531864
0.028024428517794048
0.02741621434931079
0.026820520320817
0.026237117925095015
0.025665781578238327
0.0251062886384882
0.02455841942179351
0.024021957214241548
0.023496688281502785
0.022982401875429666
0.022478890237945384
0.021985948602355147
0.021503375192208803
0.021030971217839232
0.020568540870698038
0.02011589131560571
0.019672832681030154
0.019239178047503365
0.018814743434283
0.018399347784360733
0.01799281294791772
0.017594963664321832
0.017205627542759512
0.016824635041590312
0.01645181944651038
0.016087016847606377
0.01573006611537911
0.015380808875812328
0.015039089484559766
0.01470475500031981
0.014377655157464852
0.014057642337988728
0.013744571542833976
0.013438300362656856
0.013138688948086293
0.012845599979529455
0.012558898636575248
0.012278452567043813
0.012004131855728132
0.011735808992871171
0.01147335884242081
0.011216658610101397
0.0109655878113397
0.010720028239080723
0.010479863931526778
0.010244981139831905
0.010015268295781286
0.00979061597948439
0.00957091688710805
0.009356065798675098
0.00914595954595189
0.008940496980447094
0.008739578941542356
0.008543108224774653
0.008350989550288285
0.008163129531473851
0.007979436643809634
0.0077998211939206636
0.007624195288868868
0.007452472805687137
0.007284569361168925
0.007120402281924384
0.006959890574712908
0.006802954897061264
0.0066495175281754615
0.006499502340154277
0.006352834769511009
0.006209441789009807
0.006069251879822147
0.005932195004008219
0.005798202577327805
0.005667207442384337
0.00553914384210547
0.0054139473935628565
0.005291555062133638
0.0051719051360054205
0.005054937201026241
0.004940592115900533
0.004828811987731946
0.004719540147913225
0.004612721128363297
0.004508300638111078
0.004406225540225662
0.004306443829091844
0.0042089046080299244
0.004113558067258334
0.004020355462197588
0.003929249092113644
0.00384019227909868
0.003753139347386978
0.0036680456030036123
0.0035848673137432673
0.0035035616894764643
0.0034240868627803513
0.00334640186989086
0.0032704666319732824
0.003196241936707766
0.0031236894201865004
0.0030527715491188725
0.0029834516033411893
0.0029156936586271155
0.0028494625697951252
0.0027847239541089913
0.0027214441749675196
0.0026595903258794028
0.0025991302147192275
0.0025400323482604194
0.0024822659169811048
0.002425800780138582
0.0023706074511082717
0.0023166570829828
0.002263921454427061
0.0022123729557849
0.0021619845754331907
0.002112729886378973
0.00206458303309547
0.002017518718592667
0.001971512191718273
0.001926539234684918
0.001882576150819382
0.0018395997525298717
0.001797587349487326
0.0017565167370168326
0.0017163661846953493
0.0016771144251520808
0.0016387406430679065
0.0016012244643705152
0.0015645459456219586
0.0015286855635956707
0.001493624205040093
0.0014593431566264253
0.0014258240950781585
0.0013930490774805566
0.0013610005317684297
0.00132966124739109
0.0012990143661537128
0.0012690433732349474
0.0012397320883810923
0.0012110646572778194
0.0011830255431010941
0.001155599518249757
0.001128771656263034
0.0011025273239271978
0.001076852173576664
0.0010517321355958875
0.0010271534111297642
0.0010031024650115276
0.0009795660189186911
0.000956531044769169
0.0009339847583715468
0.0009119146133453268
0.0008903082953290909
0.0008691537164967113
0.0008484390104041542
0.0008281525271919156
0.0008082828291708149
0.0007888186868216457
0.000769749075242142
0.0007510631710776621
0.0007327503499751007
0.0007148001846025347
0.0006972024432802186
0.0006799470892713602
0.0006630242807838835
0.0006464243717367197
0.0006301379133462261
0.000614155656589659
0.0005984685556033381
0.0005830677720728627
0.0005679446806712788
0.0005530908755983254
0.0005384981782692919
0.0005241586461955805
0.0005100645830902057
0.000496208550220061
0.0004825833790122939
0.00046918218490439557
0.0004559983824061528
0.0004430257013162986
0.0004302582040071419
0.00041769030365667676
0.00040531678326954446
0.0003931328152859737
0.00038113398153170094
0.0003693162932125445
0.0003576762106055215
0.00034621066204542755
0.00033491706175298966
0.0003237933260000635
0.000312837887060948
0.0003020497043594108
0.0002914282721911494
0.0002809736233843453
0.00027068632825976303
0.0002605674882696067
0.0002506187237340162
0.00024084215515792268
0.0002312403777008813
0.00022181642848907474
0.00021257374660168938
0.00020351612573138623
0.0001946476597074583
0.00018597268127545173
0.00017749569474219924
0.00016922130331234705
0.00016115413215268224
0.00015329874841406174
0.00014565957960768953
0.00013824083186328713
0.00013104640968301706
0.00012407983884002227
0.0001173441940497376
0.00011084203296385218
0.00010457533790223552
0.00009854546655145242
0.00009275311262684645
0.00008719827722808915
0.0000818802513271303
0.00007679760952526857
0.00007194821491570964
0.00006732923460204331
0.00006293716516305295
0.00005876786712970971
0.000054816607358389586