0.5589744624347344
0.5589740451285321
0.5589736181026647
0.5589731811307623
0.5589727339811841
0.5589722764168948
0.5589718081953396
0.5589713290683153
0.5589708387818392
0.5589703370760145
0.558969823684892
0.5589692983363305
0.5589687607518511
0.5589682106464912
0.558967647728652
0.558967071699946
0.5589664822550365
0.5589658790814784
0.5589652618595509
0.5589646302620886
0.5589639839543095
0.5589633225936352
0.558962645829512
0.558961953303224
0.5589612446477027
0.558960519487334
0.5589597774377583
0.5589590181056671
0.5589582410885952
0.5589574459747069
0.5589566323425785
0.5589557997609755
0.5589549477886233
0.5589540759739742
0.5589531838549686
0.5589522709587899
0.5589513368016145
0.5589503808883555
0.5589494027124011
0.558948401755346
0.5589473774867171
0.558946329363693
0.5589452568308166
0.5589441593197012
0.5589430362487298
0.5589418870227468
0.558940711032744
0.5589395076555378
0.5589382762534398
0.558937016173919
0.5589357267492573
0.5589344072961955
0.5589330571155725
0.5589316754919555
0.5589302616932611
0.558928814970369
0.5589273345567246
0.5589258196679351
0.5589242695013532
0.558922683235655
0.5589210600304025
0.5589193990256032
0.5589176993412515
0.5589159600768668
0.5589141803110161
0.5589123591008269
0.5589104954814895
0.5589085884657468
0.5589066370433727
0.558904640180639
0.5589025968197681
0.5589005058783753
0.5588983662488967
0.5588961767980042
0.5588939363660069
0.558891643766239
0.5588892977844335
0.5588868971780799
0.5588844406757698
0.5588819269765252
0.558879354749111
0.5588767226313345
0.5588740292293242
0.5588712731167963
0.5588684528343015
0.5588655668884548
0.5588626137511488
0.5588595918587466
0.5588564996112587
0.5588533353714983
0.5588500974642188
0.5588467841752306
0.5588433937504982
0.5588399243952152
0.5588363742728588
0.5588327415042234
0.5588290241664291
0.5588252202919105
0.5588213278673801
0.5588173448327682
0.5588132690801395
0.5588090984525824
0.5588048307430752
0.5588004636933243
0.558795994992577
0.5587914222764057
0.5587867431254647
0.5587819550642192
0.5587770555596434
0.5587720420198892
0.5587669117929256
0.5587616621651447
0.5587562903599375
0.5587507935362354
0.5587451687870194
0.5587394131377942
0.5587335235450281
0.5587274968945568
0.5587213299999486
0.5587150196008367
0.5587085623612081
0.5587019548676568
0.5586951936275957
0.5586882750674267
0.5586811955306713
0.5586739512760557
0.5586665384755539
0.5586589532123853
0.558651191478967
0.5586432491748183
0.5586351221044191
0.5586268059750175
0.5586182963943882
0.5586095888685407
0.558600678799374
0.5585915614822774
0.5585822321036787
0.5585726857385349
0.5585629173477663
0.5585529217756325
0.5585426937470488
0.5585322278648404
0.5585215186069369
0.558510560323501
0.5584993472339919
0.5584878734241647
0.5584761328429991
0.5584641192995599
0.5584518264597867
0.5584392478432111
0.5584263768195988
0.5584132066055173
0.5583997302608253
0.5583859406850838
0.5583718306138858
0.558357392615104
0.5583426190850539
0.5583275022445705
0.5583120341349987
0.5582962066140913
0.5582800113518173
0.5582634398260753
0.5582464833183125
0.558229132909044
0.5582113794732741
0.5581932136758146
0.5581746259664997
0.5581556065752931
0.558136145507289
0.5581162325376001
0.5580958572061339
0.5580750088122524
0.5580536764093146
0.5580318487990987
0.5580095145261016
0.5579866618717114
0.5579632788482554
0.5579393531929139
0.5579148723615027
0.5578898235221199
0.5578641935486532
0.557837969014146
0.5578111361840192
0.5577836810091462
0.5577555891187778
0.5577268458133124
0.557697436056913
0.557667344469962
0.5576365553213559
0.5576050525206336
0.557572819609936
0.5575398397557939
0.5575060957407407
0.5574715699547467
0.5574362443864707
0.5574001006143277
0.5573631197973659
0.5573252826659533
0.5572865695122667
0.5572469601805835
0.5572064340573661
0.557164970061146
0.5571225466321904
0.5570791417219605
0.5570347327823476
0.55698929675469
0.5569428100585627
0.5568952485803388
0.5568465876615156
0.5567968020868066
0.5567458660719882
0.5566937532515042
0.5566404366658196
0.5565858887485224
0.5565300813131654
0.5564729855398505
0.5564145719615444
0.5563548104501271
0.5562936702021656
0.5562311197244112
0.5561671268190151
0.5561016585684574
0.556034681320189
0.5559661606709781
0.555896061450961
0.5558243477073898
0.5557509826880773
0.5556759288245319
0.5555991477147796
0.5555206001058716
0.5554402458760697
0.5553580440167103
0.5552739526137415
0.5551879288289288
0.5550999288807291
0.5550099080248281
0.5549178205343376
0.5548236196796508
0.5547272577079546
0.5546286858223918
0.554527854160876
0.5544247117745534
0.5543192066059114
0.5542112854665324
0.5541008940144891
0.5539879767313842
0.5538724768990285
0.5537543365757612
0.5536334965724102
0.5535098964278903
0.5533834743844449
0.553254167362526
0.5531219109353187
0.5529866393029071
0.5528482852660872
0.5527067801998283
0.552562054026384
0.5524140351880585
0.5522626506196313
0.5521078257204448
0.5519494843261596
0.5517875486801851
0.5516219394047891
0.5514525754718956
0.5512793741735791
0.5511022510922619
0.5509211200706269
0.5507358931812533
0.5505464806959894
0.5503527910550724
0.5501547308360099
0.5499522047222373
0.5497451154715655
0.5495333638844372
0.5493168487720073
0.5490954669240675
0.5488691130768368
0.5486376798806363
0.5484010578674735
0.5481591354185609
0.5479117987317923
0.5476589317892072
0.5474004163244708
0.5471361317904007
0.5468659553265733
0.546589761727045
0.5463074234082214
0.5460188103769171
0.5457237901986449
0.5454222279661739
0.5451139862684065
0.5447989251596164
0.5444769021290996
0.5441477720712904
0.5438113872563919
0.543467597301585
0.5431162491428687
0.5427571870075975
0.5423902523877772
0.5420152840141922
0.5416321178314283
0.5412405869738689
0.5408405217427391
0.5404317495842801
0.5400140950691311
0.5395873798730122
0.5391514227587925
0.5387060395600365
0.5382510431661297
0.5377862435090773
0.5373114475520832
0.5368264592800149
0.5363310796918659
0.5358251067953275
0.5353083356035916
0.5347805581345028
0.5342415634121878
0.533691137471288
0.5331290633639332
0.5325551211695871
0.5319690880079108
0.5313707380547816
0.5307598425616212
0.5301361698781817
0.5294994854789398
0.5288495519932654
0.5281861292395196
0.5275089742632456
0.526817841379628
0.5261124822203789
0.5253926457852331
0.5246580784982244
0.5239085242689178
0.5231437245587814
0.5223634184528785
0.5215673427370577
0.520755231980833
0.519926818626129
0.5190818330820853
0.5182200038260973
0.517341057511282
0.516444719080551
0.5155307118874719
0.5145987578241007
0.5136485774559579
0.5126798901643281
0.511692414296049
0.5106858673209574
0.5096599659971567
0.5086144265442517
0.5075489648247096
0.5064632965334814
0.5053571373960166
0.504230203374796
0.5030822108844969
0.5019128770158866
0.5007219197685425
0.4995090582924673
0.4982740131386667
0.49701650651873625
0.49573626257348674
0.49443300765062126
0.49310647059146173
0.49175638302669844
0.4903824796811131
0.4889844986872156
0.4875621819076955
0.4861152752665775
0.48464352908893843
0.4831466984490166
0.4816245435265211
0.4800768299709121
0.47850332927340034
0.47690381914638047
0.475278083909976
0.4736259148853507
0.47194711079439644
0.4702414781653805
0.468508831744096
0.46674899491002686
0.4649618000969929
0.46314708921771885
0.4613047140917179
0.4594345368758531
0.45753643049689824
0.45561027908538393
0.4536559784099755
0.45167343631159274
0.4496625731364488
0.4476233221671441
0.445555630050922
0.4434594572241537
0.44133477833209683
0.43918158264293
0.4369998744550475
0.4347896734965641
0.43255101531596035
0.43028395166277233
0.4279885508572164
0.42566489814761366
0.4233130960544768
0.4209332647001029
0.41852554212251053
0.4160900845725645
0.41362706679311767
0.4111366822790222
0.408619143516856
0.40607468220323634
0.40350354944060063
0.40090601590936786
0.3982823720154124
0.3956329280118227
0.39295801409395076
0.3902579804667979
0.38753319738384256
0.3847840551564525
0.3820109641330935
0.37921435464760195
0.37639467693586265
0.3735524010202963
0.37068801656164824
0.3678020326776378
0.3648949777281248
0.3619673990665295
0.35901986275733777
0.3560529532596141
0.35306727307654995
0.3500634423711673
0.34704209854840506
0.34400389580391216
0.34094950463998724
0.3378796113491971
0.3347949174663235
0.3316961391893795
0.3285840067705584
0.32545926387806073
0.322322666929866
0.3191749844005952
0.3160169961027212
0.31284949244346844
0.3096732736588307
0.3064891490262265
0.3032979360573795
0.30010045967309734
0.2968975513616811
0.2936900483227627
0.290478792598421
0.28726463019348086
0.28404841018693316
0.28083098383645505
0.2776132036780297
0.2743959226226902
0.27117999305241863
0.2679662659172372
0.2647555898355194
0.26154881019954546
0.2583467682882961
0.25515030038945835
0.25196023693257596
0.2487774016352398
0.24560261066416006
0.24243667181290998
0.23928038369805735
0.23613453497534992
0.23299990357752673
0.22987725597525974
0.22676734646264357
0.22367091646855564
0.2205886938951289
0.217521392484468
0.2144697112146563
0.21143433372598452
0.2084159277782426
0.20541514473980232
0.20243261910911947
0.19946896806917047
0.196524791075246
0.19360066947640744
0.1906971661708159
0.1878148252950372
0.18495417194733332
0.1821157119448453
0.17929993161448574
0.17650729761726103
0.17373825680566315
0.17099323611368028
0.16827264247890142
0.16557686279610692
0.16290626390167767
0.1602611925880754
0.1576419756475967
0.1550489199445392
0.15248231251486763
0.14994242069242522
0.14742949226068766
0.14494375562902428
0.14248542003239553
0.1400546757533935
0.13765169436550528
0.1352766289964643
0.1329296146105383
0.13061076830859936
0.1283201896448113
0.12605796095877392
0.12382414772196135
0.12161879889730749
0.11944194731079384
0.1172936100339146
0.11517378877590687
0.11308247028465827
0.11101962675522228
0.10898521624490097
0.10697918309387529
0.10500145835040135
0.10305196019961373
0.10113059439501274
0.09923725469174746
0.09737182328083645
0.09553417122350998
0.09372415888488853
0.09194163636625305
0.09018644393519634
0.0884584124529863
0.08675736379850663
0.08508311128817975
0.08343546009131098
0.08181420764033626
0.08021914403548455
0.07865005244340889
0.07710670948936894
0.07558888564259018
0.07409634559445051
0.07262884862918434
0.07118614898682195
0.06976799621811575
0.06837413553123325
0.06700430813002627
0.06565825154371142
0.06433569994782846
0.06303638447636188
0.06176003352494081
0.06050637304505299
0.05927512682922917
0.058066016787178626
0.05687876321287242
0.05571308504259218
0.05456870010397594
0.05344532535611368
0.052342677120755736
0.051260471304713943
0.05019842361354589
0.049156249756628356
0.048133665643732795
0.047130387573229016
0.046146132412049075
0.045180617767555824
0.04423356215146371
0.0433046851359688
0.042393707502248884
0.04150035138150165
0.040624340388691074
0.03976539974917791
0.03892325641841038
0.03809763919485771
0.037288278826366844
0.0364949081101269
0.035717261986425615
0.03495507762638201
0.03420809451384115
0.033476054521614514
0.03275870198224999
0.03205578375351324
0.031367049278762396
0.030692250642394107
0.030031142620539325
0.02938348272718197
0.028749031255874788
0.02812755131722041
0.027518808872285763
0.026922572762112126
0.02633861473348296
0.025766709461105892
0.02520663456636303
0.024658170632779898
0.024121101218360377
0.02359521286493049
0.023080295104630878
0.02257614046369373
0.02208254446363658
0.021599305620001567
0.021126225438764596
0.02066310841053576
0.020209762002668042
0.019765996649388325
0.019331625740060306
0.018906465605686075
0.018490335503748397
0.018083057601493892
0.017684456957752
0.017294361503382552
0.016912602020440263
0.016539012120142475
0.016173428219721817
0.01581568951824337
0.01546563797146186
0.015123118265792346
0.014787977791464037
0.014460066614924548
0.014139237450558395
0.013825345631781774
0.013518249081571967
0.013217808282487899
0.012923886246234986
0.012636348482826017
0.012355062969386531
0.012079900118651342
0.01181073274719603
0.011547436043446196
0.011289887535503798
0.011037967058828814
0.010791556723812242
0.01055054088327431
0.010314806099920519
0.010084241113785683
0.009858736809695172
0.009638186184770092
0.009422484316002535
0.009211528327924668
0.00900521736039458
0.008803452536519872
0.008606136930739333
0.008413175537081064
0.008224475237614704
0.008039944771113755
0.007859494701943474
0.007683037389188181
0.007510486956031088
0.0073417592593985805
0.007176771859880204
0.007015443991934458
0.006857696534389802
0.006703451981249198
0.006552634412806226
0.006405169467079478
0.0062609843115716875
0.006120007615359156
0.0059821695215163135
0.005847401619879977
0.005715636920156909
0.00558680982537802
0.005460856105701727
0.005337712872568891
0.005217318553210954
0.00509961286551257
0.004984536793229573
0.0048720325615628475
0.004762043613088123
0.004654514584041521
0.004549391280960072
0.0044466206576765826
0.004346150792667459
0.004247930866752086
0.004151911141141962
0.004058042935837714
0.003966278608371713
0.003876571532893905
0.0037888760795981606
0.0037031475944864457
0.0036193423794677487
0.0035374176727886305
0.0034573316297921743
0.0033790433040017226
0.003302512628526075
0.00322770039778225
0.003154568249532205
0.0030830786472294098
0.0030131948626715183
0.002944880958954898
0.002878101773727005
0.00281282290273226
0.0027490106836473177
0.002686632180201283
0.002625655166576623
0.002566048112086231
0.0025077801661224047
0.0024508211433731074
0.00239514150930118
0.0023407123658819033
0.0022875054375945457
0.0022354930576633323
0.002184648154543423
0.0021349442386473885
0.002086355389307846
0.0020388562419717984
0.00199242197562236
0.001947028300423618
0.0019026514455843105
0.0018592681474362733
0.0018168556377235478
0.0017753916320981855
0.0017348543188189004
0.0016952223476488927
0.0016564748189492246
0.0016185912729644125
0.001581551679296958
0.0015453364265679056
0.0015099263122606108
0.0014753025327452996
0.0014414466734821686
0.0014083406994012777
0.0013759669454577084
0.0013443081073610016
0.0013133472324782657
0.0012830677109109713
0.0012534532667459494
0.001224487949481804
0.0011961561256326396
0.0011684424705118465
0.0011413319601995264
0.0011148098636981222
0.0010888617352819167
0.0010634734070471862
0.0010386309816711695
0.0010143208253893489
0.0009905295612021457
0.000967244062323761
0.0009444514458877941
0.0009221390669261731
0.0009002945126401112
0.0008789055969840573
0.0008579603555860819
0.000837447041030706
0.0008173541185329236
0.000797670262035024
0.0007783843507608258
0.0007594854662649513
0.0007409628900179282
0.0007228061015709463
0.0007050047773472447
0.0006875487901099373
0.0006704282091588564
0.0006536333013113163
0.0006371545327236852
0.000620982571611902
0.0006051082919296436
0.0005895227780623837
0.0005742173305938816
0.0005591834731985413
0.0005444129607081028
0.0005298977883941994
0.000515630202498879
0.0005016027120331071
0.00048780810184798995
0.00047423944696481753
0.00046089012812755835
0.0004477538485149986
0.0004348246515189384
0.0004220969394597765
0.000409565493071315
0.0003972254915429779
0.0003850725328601379
0.00037310265413261054
0.0003613123515484214
0.00034969859953602446
0.00033825886866468074
0.0003269911417617976
0.0003158939276798471
0.00030496627210680843
0.00029420776478569056
0.0002836185424938517
0.0002731992871346723
0.0002629512183157715
0.00025287607983231786
0.00024297611954327645
0.0002332540622244223
0.00022371307510508318
0.0002143567259453785
0.00020518893368497946
0.00019621391188964625
0.00018743610543260245
0.00017886012106748823
0.00017049065276981853
0.00016233240293538602
0.00015439000071682587
0.00014666791894365268
0.00013917039119686352
0.00013190133068845418
0.0001248642526223301
0.00011806220168208418
0.00011149768620157085
0.00010517262042796495
0.00009908827608880961
0.00009324524423217799
0.00008764340803255646
0.00008228192695641674
0.00007715923237363522
0.0000722730343972619
0.00006762033944724103
0.0000631974777749515
0.00005900013996419121
0.0000550234212474463