0.5589744624346124
0.5589740451284041
0.5589736181025305
0.5589731811306221
0.5589727339810373
0.558972276416741
0.5589718081951786
0.5589713290681466
0.5589708387816625
0.5589703370758294
0.5589698236846983
0.5589692983361275
0.5589687607516387
0.5589682106462688
0.5589676477284192
0.5589670716997021
0.5589664822547811
0.558965879081211
0.5589652618592709
0.5589646302617957
0.5589639839540024
0.5589633225933136
0.5589626458291753
0.5589619533028712
0.5589612446473335
0.5589605194869474
0.5589597774373536
0.5589590181052433
0.5589582410881513
0.558957445974242
0.5589566323420919
0.558955799760466
0.5589549477880896
0.5589540759734154
0.5589531838543835
0.5589522709581773
0.5589513368009731
0.5589503808876839
0.5589494027116977
0.5589484017546096
0.558947377485946
0.5589463293628856
0.558945256829971
0.5589441593188158
0.5589430362478026
0.5589418870217758
0.5589407110317274
0.5589395076544733
0.5589382762523252
0.5589370161727518
0.5589357267480352
0.5589344072949157
0.5589330571142324
0.5589316754905523
0.5589302616917918
0.5589288149688304
0.5589273345551133
0.558925819666248
0.5589242694995867
0.5589226832338052
0.5589210600284656
0.5589193990235748
0.5589176993391276
0.5589159600746431
0.5589141803086876
0.5589123590983887
0.5589104954789362
0.5589085884630732
0.5589066370405733
0.5589046401777077
0.5589025968166985
0.558900505875161
0.558898366245531
0.5588961767944798
0.5588939363623165
0.5588916437623749
0.5588892977803872
0.5588868971738431
0.5588844406713334
0.5588819269718794
0.5588793547442465
0.5588767226262406
0.5588740292239905
0.5588712731112113
0.5588684528284533
0.5588655668823311
0.5588626137447364
0.5588595918520322
0.558856499604228
0.5588533353641362
0.5588500974565099
0.5588467841671585
0.5588433937420457
0.5588399243863644
0.5588363742635913
0.558832741494519
0.5588290241562676
0.5588252202812701
0.5588213278562385
0.5588173448211018
0.5588132690679233
0.5588090984397908
0.5588048307296809
0.5588004636792988
0.5587959949778907
0.5587914222610276
0.5587867431093624
0.5587819550473581
0.558777055541988
0.5587720420014021
0.5587669117735674
0.5587616621448745
0.5587562903387125
0.5587507935140107
0.5587451687637476
0.5587394131134261
0.5587335235195123
0.5587274968678388
0.5587213299719721
0.5587150195715425
0.5587085623305338
0.5587019548355376
0.5586951935939637
0.5586882750322106
0.5586811954937965
0.5586739512374439
0.5586665384351235
0.5586589531700508
0.5586511914346385
0.558643249128402
0.5586351220558167
0.5586268059241258
0.5586182963410998
0.5586095888127427
0.5586006787409481
0.5585915614211
0.5585822320396202
0.5585726856714598
0.5585629172775324
0.5585529217020913
0.5585426936700444
0.5585322277842099
0.5585215185225098
0.5585105602350983
0.5584993471414267
0.5584878733272411
0.5584761327415119
0.5584641191932941
0.5584518263485179
0.5584392477267036
0.5584263766976061
0.5584132064777813
0.5583997301270757
0.5583859405450378
0.5583718304672468
0.5583573924615621
0.5583426189242843
0.5583275020762334
0.5583120339587379
0.5582962064295339
0.5582800111585731
0.5582634396237359
0.5582464831064501
0.5582291326872106
0.5582113792410007
0.5581932134326105
0.5581746257118506
0.558155606308661
0.5581361452281103
0.5581162322452851
0.5580958569000648
0.5580750084917827
0.5580536760737673
0.5580318484477651
0.5580095141582394
0.5579866614865441
0.5579632784449697
0.557939352770658
0.5579148719193854
0.5578898230592079
0.5578641930639695
0.5578379685066673
0.5578111356526751
0.5577836804528156
0.5577555885362867
0.5577268452034323
0.5576974354183576
0.5576673438013845
0.5576365546213468
0.557605051787717
0.5575728188425667
0.557539838952355
0.5575060948995387
0.5574715690740093
0.5574362434643425
0.5574000996488663
0.557363118786538
0.5573252816076305
0.557286568404221
0.557246959020482
0.557206432842768
0.557164968789495
0.5571225453008114
0.5570791403280531
0.5570347313229804
0.5569892952267946
0.5569428084589274
0.5568952469056013
0.5568465859081574
0.556796800251144
0.5567458641501656
0.5566937512394863
0.5566404345593826
0.556585886543245
0.5565300790044205
0.5564729831227947
0.5564145694311087
0.5563548078010058
0.5562936674288061
0.5562311168210019
0.5561671237794731
0.5561016553864171
0.5560346779889881
0.5559661571836444
0.5558960578001972
0.5558243438855596
0.5557509786871887
0.5556759246362215
0.5555991433302954
0.5555205955160544
0.555440241071335
0.5553580389870288
0.5552739473486178
0.5551879233173804
0.5550999231112644
0.5550099019854222
0.554917814212408
0.5548236130620327
0.5547272507808721
0.5546286785714324
0.5545278465709592
0.5544247038299013
0.5543191982900167
0.5542112767621243
0.5541008849034992
0.5539879671949094
0.5538724669172932
0.5537543261280774
0.5536334856371357
0.5535098849823857
0.5533834624050277
0.5532541548244235
0.5531218978126179
0.5529866255685034
0.5528482708916299
0.5527067651556649
0.5525620382815001
0.5524140187100167
0.5522626333745071
0.552107807672759
0.5519494654388086
0.551787528914367
0.5516219187199277
0.5514525538255606
0.5512793515214022
0.5511022273878508
0.5509210952654736
0.5507358672246399
0.5505464535348892
0.5503527626340464
0.5501547010970996
0.5499521736048527
0.5497450829123673
0.5495333298172149
0.549316813127552
0.5490954296300389
0.5488690740576249
0.5486376390572165
0.5484010151572567
0.548159090735236
0.5479117519851627
0.5476588828850207
0.5474003651642411
0.5471360782712229
0.5468658993409313
0.5465897031626097
0.5463073621476418
0.5460187462976026
0.5457237231725381
0.5454221578595145
0.5451139129414847
0.5447988484665177
0.5444768219174378
0.5441476881819299
0.5438112995231602
0.5434675055509717
0.5431161531937135
0.5427570866707657
0.542390147465822
0.5420151743010042
0.5416320031118697
0.5412404670233951
0.5408403963270052
0.5404316184587306
0.5400139579785762
0.5395872365511852
0.539151272927892
0.5387058829302512
0.5382508794351443
0.5377860723615597
0.5373112686591542
0.5368262722986963
0.5363308842645089
0.535824902549021
0.5353081221495479
0.5347803350674211
0.534241330309595
0.5336908938928571
0.5331288088507757
0.5325548552435225
0.5319688101707083
0.5313704477873787
0.5307595393233137
0.5301358531057856
0.5294991545859273
0.528849206368871
0.5281857682478158
0.5275085972421911
0.5268174476400832
0.5261120710450907
0.5253922164277882
0.5246576301819702
0.5239080561858495
0.5231432358683973
0.5223629082809985
0.5215668101746106
0.5207546760826053
0.5199262384094816
0.5190812275256326
0.5182193718683493
0.5173403980492525
0.5164440309683274
0.5155299939347482
0.5145980087946745
0.51364779606619
0.5126790750815644
0.5116915641370068
0.5106849806500745
0.5096590413249036
0.5086134623254092
0.5075479594566095
0.506462248354213
0.5053560446825985
0.5042290643413158
0.5030810236802165
0.5019116397233181
0.5007206304014923
0.49950771479405226
0.49827261337930434
0.4970150482941069
0.4957347436024738
0.49443142557322967
0.493104822966717
0.4917546673305282
0.49038069330421535
0.48898263893291444
0.4875602459897892
0.48611326030718116
0.4846414321163238
0.48314451639545614
0.48162227322613516
0.48007446815752824
0.47850087257842594
0.4769012640966941
0.4752754269258435
0.47362315227836915
0.4719442387654733
0.47023849280275176
0.4685057290213908
0.4667457706843824
0.46495845010722875
0.4631436090825749
0.4613010993081632
0.4594307828174732
0.45753253241236747
0.4556062320970305
0.4536517775124452
0.4516690763706218
0.4496580488877513
0.44761862821542264
0.44555076086900947
0.44345440715229545
0.44132954157737925
0.4391761532788653
0.4369942464213232
0.43478384059896413
0.43254497122646757
0.4302776899198591
0.4279820648663331
0.4256581811818812
0.4233061412555923
0.42092606507946567
0.4185180905625767
0.41608237382843594
0.4136190894943723
0.4111284309317949
0.4086106105061726
0.4060658597956086
0.4034944297868875
0.40089659104790765
0.3982726338754301
0.3956228684171164
0.39294762476686085
0.3902472530324609
0.38752212337473196
0.3847726260172084
0.3819991712256407
0.3792021892565566
0.37638213027422646
0.3735394642354371
0.3706746807415631
0.3677882888574956
0.36488081689708457
0.361952812174828
0.3590048407236406
0.35603748697862353
0.3530513534268608
0.350047060223362
0.34702524477337743
0.3439865612814106
0.34093168026736276
0.33786128805034643
0.33477608620081134
0.331676790961727
0.32856413263968115
0.3254388549668422
0.322301714434847
0.3191534796017644
0.31599493037338694
0.31282685726019377
0.30965006061141265
0.3064653498276987
0.30327354255401956
0.300075463854418
0.29687194537038386
0.29366382446463424
0.2904519433521511
0.28723714822037993
0.2840202883405309
0.28080221517195664
0.2775837814616119
0.2743658403406154
0.2711492444199478
0.2679348448873227
0.26472349060725847
0.26151602722637746
0.2583132962859247
0.25511613434348285
0.25192537210581645
0.24874183357474006
0.2455663352078557
0.24239968509594728
0.23924268215875194
0.2360961153607741
0.23296076294871526
0.22983739171202558
0.22672675626799615
0.22362959837271443
0.22054664625912798
0.21747861400334662
0.21442620092023285
0.2113900909892117
0.20837095231114347
0.20536943659698725
0.20238617868888567
0.19942179611418678
0.19647688867282648
0.19355203805837823
0.19064780751298144
0.18776474151625258
0.18490336550818925
0.18206418564597548
0.17924768859450507
0.17645434135034466
0.1736845910987776
0.1709388651034772
0.16821757062828702
0.16552109489049877
0.16284980504496202
0.16020404819827888
0.15758415145228585
0.154990421975962
0.15242314710485136
0.14988259446704547
0.14736901213472292
0.14488262880021072
0.1424236539754972
0.13999227821410215
0.137588673354185
0.13521299278175486
0.1328653717128322
0.13054592749340602
0.1282547599160229
0.12599195155184587
0.1237575680970209
0.1215516587322032
0.11937425649409845
0.11722537865789327
0.11510502712946218
0.1130131888462634
0.11094983618585284
0.10891492738097536
0.10690840694021365
0.10493020607321166
0.10298024311951406
0.10105842398009746
0.0991646425507046
0.09729878115612367
0.09546071098459512
0.09365029252156079
0.09186737598200993
0.0901118017407113
0.08838340075966136
0.08668199501211361
0.08500739790259357
0.0833594146823375
0.08173784285963744
0.08014247260460247
0.07857308714788995
0.07702946317298977
0.07551137120168526
0.07401857597234221
0.0725508368107149
0.07110790799298718
0.06968953910079943
0.0682954753680413
0.06692545801921906
0.06557922459923285
0.06425650929442964
0.06295704324481743
0.06168055484735536
0.06042677005025539
0.05919541263825168
0.05798620450881834
0.05679886593933192
0.05563311584519624
0.0544886720289614
0.05336525142048896
0.05226257030822692
0.051180344561674106
0.05011828984512424
0.04907612182279604
0.048053556355461914
0.047050309688701664
0.04606609863291319
0.04510064073522464
0.0441536544434558
0.04322485926228571
0.042313975901787385
0.04142072641849802
0.04054483434919464
0.039686024837551376
0.03884402475385465
0.03801856280795902
0.03720936965566413
0.03641617799869764
0.03563872267848851
0.034876740763915004
0.03412997163321362
0.03339815705023248
0.03268104123521377
0.031978370930286666
0.03128989545985343
0.03061536678604662
0.02995453955943619
0.02930717116515978
0.028673021764650697
0.028051854333131992
0.02744343469304488
0.02684753154357406
0.02626391648643235
0.025692364048061165
0.025132651698401363
0.024584559866384817
0.024047871952294485
0.02352237433713588
0.023007856389160124
0.022504110467674452
0.022010931924272812
0.02152811910161542
0.021055473329881676
0.020592798921018247
0.020139903160899194
0.019696596299512623
0.019262691539283273
0.018838005021638207
0.018422355811917538
0.018015565882730566
0.017617460095852303
0.017227866182753224
0.01684661472385062
0.016473539126567908
0.016108475602283588
0.015751263142249377
0.015401743492553126
0.01505976112819979
0.014725163226380176
0.0143977996389946
0.0140775228644952
0.01376418801910881
0.01345765280749863
0.013157777492921022
0.012864424866930497
0.012577460218684274
0.012296751303894887
0.01202216831347706
0.011753583841932624
0.011490872855515843
0.011233912660218337
0.010982582869611481
0.010736765372582063
0.010496344300994684
0.010261205997313299
0.01003123898221166
0.009806333922201578
0.009586383597305367
0.009371282868798288
0.009160928647044344
0.008955219859448072
0.008754057418542889
0.00855734419023601
0.008364984962227904
0.008176886412623648
0.007992957078751759
0.007813107326205649
0.007637249318121212
0.007465296984703322
0.007297165993012815
0.007132773717024935
0.006972039207969024
0.006814883164958563
0.006661227905919634
0.006510997338825573
0.006364116933244281
0.006220513692204407
0.006080116124385793
0.005942854216638807
0.005808659406836955
0.005677464557066272
0.005549203927154639
0.005423813148543514
0.005301229198504362
0.005181390374701351
0.0050642362701016205
0.004949707748233858
0.004837746918795855
0.00472829711361101
0.004621302862933694
0.004516709872102766
0.004414464998542676
0.004314516229110907
0.0042168126577904405
0.004121304463725623
0.004027942889599696
0.003936680220351887
0.003847469762231876
0.003760265822189129
0.003675023687594627
0.00359169960629215
0.003510250766976222
0.003430635279893726
0.003352812157865855
0.0032767412976273122
0.0032023834614791375
0.0031297002592518214
0.003058654130574887
0.0029892083274494384
0.0029213268971197397
0.0028549746652400568
0.0027901172193327208
0.002726720892533559
0.0026647527476205304
0.0026041805613215645
0.0025449728088973436
0.002487098648995014
0.0024305279087684776
0.002375231069261147
0.0023211792510468153
0.0022683442001244884
0.0022166982740628406
0.0021662144283900826
0.0021168662032249393
0.00206862771014457
0.002021473619285167
0.001975379146671078
0.0019303200417683376
0.0018862725752584737
0.0018432135270286263
0.0018011201743740198
0.001759970280408925
0.0017197420826823534
0.0016804142819948874
0.0016419660314131097
0.0016043769254783333
0.00156762698960641
0.0015316966696757304
0.0014965668218006056
0.0014622187022876195
0.0014286339577726788
0.0013957946155369776
0.0013636830740003008
0.0013322820933906142
0.0013015747865892397
0.0012715446101515253
0.0012421753555034044
0.0012134511403148938
0.0011853564000522635
0.0011578758797114196
0.001130994625735849
0.0011046979781234386
0.0010789715627275386
0.001053801283758738
0.0010291733164951476
0.0010050741002102937
0.0009814903313292832
0.0009584089568254877
0.0009358171678718503
0.0009137023937627713
0.0008920522961246524
0.0008708547634353923
0.0008500979058755274
0.0008297700505362376
0.0008098597370121111
0.0007903557134093696
0.0007712469328032021
0.0007525225501808196
0.000734171919909959
0.0007161845937755626
0.0006985503196304759
0.0006812590407088249
0.0006643008956535052
0.0006476662193115524
0.000631345544353201
0.0006153296037717589
0.0005996093343221087
0.0005841758809553353
0.000569020602305485
0.0005541350772816266
0.0005395111128137313
0.0005251407527943692
0.000511016288249254
0.0004971302687581682
0.0004834755151331663
0.00047004513334307854
0.0004568325296517102
0.00044383142691163186
0.00043103588192570084
0.00041844030375445807
0.0004060394728091909
0.0003938285605279782
0.0003818031493856793
0.00036995925293929077
0.00035829333555811404
0.0003468023314350516
0.00033548366242243334
0.0003243352541850899
0.0003133555501170306
0.00030254352242873434
0.00029189867978244373
0.00028142107083614767
0.0002711112830562414
0.0002609704361772514
0.00025100016972745575
0.00024120262410397538
0.00023158041477181016
0.00022213659927895963
0.00021287463692389787
0.00020379834108030827
0.00019491182437390828
0.00018621943711231024
0.0001777256995847857
0.00016943522906643897
0.00016135266257174185
0.00015348257659575566
0.0001458294052478456
0.00013839735831266254
0.0001311903408583128
0.0001242118760451718
0.00011746503276638156
0.00011095235967092543
0.00010467582698366805
0.00009863677734814824
0.00009283588668448117
0.00008727313578607077
0.0000819477930865896
0.00007685840872553203
0.0000720028197397388
0.00006737816592218967
0.00006298091562955194
0.00005880690059595963
0.00005485135862951907