0.5589744623247231
0.5589740450133363
0.5589736179820399
0.5589731810044531
0.5589727338489222
0.5589722762784
0.558971808050318
0.5589713289164592
0.5589708386228266
0.558970336909508
0.5589698235105388
0.5589692981537605
0.5589687605606775
0.558968210446308
0.558967647519035
0.5589670714804504
0.558966482025197
0.5589658788408074
0.558965261607538
0.5589646299981994
0.558963983677984
0.5589633223042878
0.5589626455265289
0.5589619529859622
0.55896124431549
0.5589605191394654
0.5589597770734962
0.558959017724239
0.5589582406891919
0.5589574455564814
0.5589566319046443
0.5589557993024034
0.5589549473084408
0.5589540754711628
0.5589531833284623
0.558952270407472
0.5589513362243157
0.5589503802838517
0.5589494020794101
0.5589484010925254
0.5589473767926616
0.5589463286369304
0.5589452560698058
0.5589441585228283
0.5589430354143048
0.5589418861490002
0.558940710117823
0.5589395066975023
0.558938275250258
0.5589370151234636
0.5589357256493007
0.5589344061444054
0.558933055909506
0.5589316742290554
0.5589302603708494
0.5589288135856414
0.5589273331067446
0.5589258181496283
0.5589242679115004
0.5589226815708843
0.5589210582871844
0.558919397200241
0.5589176974298748
0.558915958075423
0.5589141782152612
0.5589123569063172
0.5589104931835719
0.558908586059549
0.5589066345237932
0.5589046375423351
0.5589025940571462
0.5589005029855781
0.5588983632197908
0.5588961736261674
0.5588939330447145
0.5588916402884496
0.5588892941427734
0.5588868933648289
0.5588844366828435
0.5588819227954583
0.5588793503710401
0.5588767180469779
0.5588740244289637
0.5588712680902553
0.5588684475709247
0.5588655613770845
0.5588626079801019
0.5588595858157899
0.5588564932835827
0.5588533287456902
0.5588500905262341
0.5588467769103634
0.5588433861433499
0.5588399164296621
0.5588363659320181
0.5588327327704168
0.5588290150211459
0.5588252107157685
0.5588213178400843
0.5588173343330677
0.558813258085783
0.5588090869402709
0.5588048186884126
0.5588004510707656
0.5587959817753746
0.5587914084365527
0.5587867286336358
0.5587819398897081
0.5587770396702982
0.5587720253820446
0.5587668943713314
0.5587616439228914
0.5587562712583782
0.5587507735349039
0.5587451478435448
0.5587393912078114
0.5587335005820839
0.5587274728500112
0.5587213048228735
0.5587149932379063
0.5587085347565878
0.5587019259628841
0.5586951633614574
0.5586882433758293
0.5586811623465057
0.5586739165290553
0.5586665020921462
0.5586589151155369
0.5586511515880203
0.558643207405322
0.5586350783679493
0.5586267601789912
0.5586182484418688
0.558609538658032
0.5586006262246067
0.5585915064319855
0.5585821744613642
0.5585726253822222
0.5585628541497448
0.5585528556021886
0.5585426244581823
0.5585321553139708
0.5585214426405941
0.5585104807810019
0.5584992639471019
0.558487786216744
0.558476041530631
0.5584640236891633
0.5584517263492095
0.5584391430208043
0.5584262670637723
0.5584130916842728
0.558399609931269
0.5583858146929154
0.5583716986928637
0.5583572544864868
0.5583424744570136
0.5583273508115801
0.5583118755771899
0.5582960405965833
0.5582798375240136
0.5582632578209286
0.5582462927515529
0.5582289333783746
0.5582111705575259
0.558192994934064
0.5581743969371444
0.5581553667750843
0.5581358944303186
0.5581159696542417
0.558095581961933
0.5580747206267658
0.5580533746748955
0.5580315328796249
0.558009183755645
0.5579863155531454
0.5579629162517968
0.5579389735545978
0.5579144748815862
0.5578894073634109
0.5578637578347623
0.5578375128276568
0.5578106585645736
0.5577831809514406
0.5577550655704657
0.557726297672811
0.5576968621711058
0.5576667436317976
0.5576359262673324
0.5576043939281681
0.5575721300946125
0.557539117868482
0.5575053399645818
0.5574707787020006
0.5574354159952164
0.5573992333450108
0.5573622118291875
0.5573243320930905
0.5572855743399199
0.5572459183208398
0.5572053433248736
0.5571638281685861
0.5571213511855442
0.5570778902155548
0.5570334225936734
0.5569879251389835
0.5569413741431364
0.5568937453586509
0.5568450139869698
0.5567951546662645
0.5567441414589858
0.5566919478391571
0.5566385466794035
0.5565839102377129
0.5565280101439253
0.5564708173859438
0.556412302295665
0.5563524345346215
0.5562911830793333
0.5562285162063638
0.5561644014770729
0.5560988057220656
0.5560316950253291
0.5559630347080546
0.5558927893121378
0.5558209225833547
0.555747397454207
0.555672176026431
0.5555952195531689
0.5555164884207918
0.5554359421303766
0.5553535392788252
0.5552692375396271
0.5551829936432555
0.5550947633571971
0.5550045014656073
0.5549121617485877
0.5548176969610826
0.5547210588113882
0.554622197939271
0.5545210638936919
0.5544176051101317
0.5543117688875125
0.5542035013647155
0.5540927474966857
0.5539794510301265
0.5538635544787748
0.5537449990982596
0.5536237248605368
0.5534996704278998
0.5533727731265636
0.5532429689198198
0.5531101923807614
0.552974376664577
0.55283545348041
0.5526933530627869
0.5525480041426123
0.5523993339177284
0.5522472680230451
0.5520917305002372
0.5519326437670125
0.5517699285859523
0.5516035040329296
0.551433287465102
0.5512591944884934
0.5510811389251576
0.5508990327799408
0.5507127862068394
0.5505223074749672
0.5503275029341355
0.5501282769800575
0.5499245320191861
0.5497161684331933
0.5495030845431088
0.5492851765731238
0.5490623386140783
0.5488344625866464
0.5486014382042356
0.548363152935617
0.548119491967308
0.5478703381657252
0.5476155720391315
0.5473550716994011
0.547088712823627
0.5468163686155983
0.5465379097671761
0.5462532044196
0.5459621181247568
0.545664513806445
0.5453602517216762
0.5450491894220487
0.544731181715235
0.5444060806266316
0.544073735361212
0.5437339922656348
0.5433866947906606
0.5430316834539279
0.5426687958031504
0.542297866379793
0.5419187266832928
0.54153120513589
0.541135127048143
0.5407303145851974
0.5403165867338895
0.5398937592707663
0.5394616447311052
0.539020052379025
0.5385687881787797
0.5381076547673359
0.5376364514283328
0.5371549740675335
0.5366630151898784
0.5361603638782562
0.5356468057741145
0.5351221230600344
0.5345860944444003
0.5340384951483028
0.5334790968948121
0.532907667900773
0.5323239728712686
0.5317277729969161
0.5311188259541515
0.5304968859086783
0.5298617035222487
0.5292130259629634
0.5285505969192709
0.5278741566178626
0.5271834418456596
0.5264781859760929
0.5257581189998922
0.5250229675605913
0.5242724549949774
0.5235063013787074
0.5227242235773242
0.5219259353029111
0.5211111471766278
0.5202795667973716
0.5194308988168242
0.5185648450211342
0.5176811044194993
0.5167793733399164
0.5158593455323651
0.5149207122796968
0.5139631625165095
0.5129863829562773
0.5119900582270219
0.5109738710157997
0.5099375022222868
0.5088806311217454
0.5078029355376428
0.5067040920242067
0.5055837760591895
0.5044416622471065
0.5032774245332231
0.5020907364285397
0.5008812712460344
0.4996487023484043
0.49839270340753866
0.4971129486759495
0.4958091132703675
0.49448087346770214
0.49312790701354275
0.49174989344336917
0.49034651441661126
0.48891745406367965
0.4874623993460733
0.48598104042963103
0.4844730710709808
0.48293818901720115
0.4813760964186848
0.4797865002551563
0.4781691127747627
0.47652365194611407
0.47484984192311885
0.4731474135224028
0.47141610471306966
0.4696556611185025
0.4678658365298618
0.46604639343088067
0.46419710353350746
0.4623177483238802
0.46040811961807204
0.4584680201269738
0.4564972640296241
0.45449567755423065
0.4524630995660614
0.4503993821613144
0.4483043912660115
0.44617800723888384
0.4440201254771539
0.4418306570240455
0.439609529176778
0.43735668609373773
0.43507208939944264
0.43275571878585006
0.4304075726084889
0.4280276684758299
0.4256160438302446
0.4231727565188427
0.42069788535241504
0.4181915306506608
0.41565381477182234
0.41308488262480536
0.41048490216182537
0.4078540648495775
0.4051925861169142
0.402500705776973
0.3997786884217019
0.3970268237867088
0.3942454270843741
0.3914348393031705
0.38859542747115705
0.3857275848816478
0.3828317312790865
0.37990831300322697
0.376957803089764
0.37398070132564487
0.3709775342573689
0.3679488551506879
0.36489524390021805
0.3618173068876013
0.3587156767869791
0.3555910123166884
0.3524439979362396
0.3492753434877995
0.34608578378157373
0.3428760781246719
0.3396470097932209
0.3363993854477005
0.3331340344916715
0.32985180837428724
0.3265535798371938
0.32324024210664504
0.31991270803188004
0.31657190917104505
0.3132187948261575
0.30985433102884175
0.30647949947878417
0.30309529643707567
0.29970273157682376
0.2963028267936174
0.29289661497863245
0.28948513875734516
0.2860694491970086
0.28265060448620055
0.2792296685899122
0.2758077098837719
0.2723857997711328
0.2689650112868419
0.2655464176916045
0.2621310910609159
0.25872010087258945
0.2553145125969298
0.25191538629361276
0.2485237752193184
0.24514072445013435
0.241767269522692
0.23840443509792592
0.2350532336512526
0.23171466419286094
0.22838971102166905
0.22507934251636377
0.22178450996676666
0.21850614644860658
0.2152451657445736
0.21200246131433076
0.208778905315947
0.20557534768097907
0.2023926152452107
0.19923151093680072
0.19609281302335996
0.19297727441921553
0.1898856220538786
0.18681855630247465
0.1837767504786476
0.1807608503901951
0.17777147395745968
0.17480921089425044
0.17187462245084573
0.16896824121839965
0.1660905709938659
0.16324208670434312
0.16042323438955802
0.1576344312410155
0.1548760656961854
0.15214849758593177
0.14945205833325717
0.14678705120129762
0.1441537515884035
0.14155240736803
0.13898323927108705
0.13644644130832143
0.13394218123025017
0.13147060102212585
0.12903181743137904
0.12662592252497357
0.12425298427410178
0.1219130471636607
0.11960613282396705
0.11733224068220004
0.11509134863110058
0.11288341371250864
0.11070837281337416
0.10856614337194681
0.10645662409191686
0.10437969566236607
0.10233522148146373
0.10032304838193717
0.09834300735643345
0.09639491428098998
0.09447857063492435
0.09259376421555772
0.09074026984628093
0.08891785007658119
0.08712625587274159
0.08536522729802909
0.08363449418128613
0.08193377677293628
0.08026278638751434
0.07862122603192044
0.07700879101869165
0.07542516956367011
0.07387004336753428
0.07234308818073884
0.0708439743514886
0.069372367356443
0.06792792831392358
0.06651031447945724
0.06511917972355587
0.06375417499168738
0.06241494874645329
0.06110114739203339
0.05981241568100979
0.058548397103722775
0.0573087342603535
0.056093069215962674
0.05490104383874824
0.053732300121813056
0.05258648048876259
0.051463228083472125
0.050362187044385893
0.04928300276372732
0.04822532213201199
0.04718879376827185
0.04617306823640396
0.045177798248068994
0.044202638852566485
0.043247247614121596
0.0423112847770172
0.041394413419006765
0.040496299593441365
0.03961661246054406
0.03875502440825832
0.0379112111630949
0.03708485189139322
0.036275629291410226
0.03548322967663886
0.03470734305075244
0.033947663174561195
0.03320388762535973
0.032475717849032755
0.031762859205278354
0.031065021006295716
0.03038191654927657
0.029713263143026736
0.029058782129034663
0.028418198897293228
0.02779124289716938
0.02717764764360729
0.02657715071893829
0.025989493770561832
0.0254144225047498
0.024851686676818533
0.02430104007790033
0.023762240518538903
0.023235049809320955
0.022719233738749553
0.02221456204855337
0.021720808406618636
0.02123775037772049
0.020765169392223885
0.020302850712914256
0.019850583400111404
0.019408160275211826
0.018975377882798097
0.01855203645144599
0.0181379398533538
0.017732895562911355
0.017336714614320316
0.016949211558371157
0.016570204418476002
0.01619951464605164
0.015836967075340998
0.015482389877756906
0.015135614515826455
0.014796475696810274
0.014464811326065561
0.014140462460218944
0.013823273260209655
0.013513090944260764
0.013209765740831617
0.012913150841602172
0.012623102354535546
0.012339479257062615
0.012062143349429054
0.011790959208242737
0.011525794140256385
0.011266518136417996
0.011013003826218757
0.01076512643236646
0.010522763725809658
0.01028579598113612
0.010054105932366726
0.009827578729164678
0.00960610189347776
0.009389565276629753
0.009177861016875462
0.008970883497432863
0.008768529305003719
0.008570697188793266
0.00837728802003816
0.008188204752050553
0.00800335238078548
0.007822637905937227
0.007645970292569838
0.007473260433285533
0.007304421110934549
0.007139366961868565
0.006978014439739542
0.006820281779844722
0.0066660889640183995
0.006515357686069948
0.006368011317767421
0.0062239748753651295
0.006083174986673639
0.005945539858669639
0.005810999245643104
0.005679484417878457
0.00555092813086647
0.005425264595042941
0.005302429446050143
0.005182359715516484
0.005064993802349975
0.004950271444540411
0.004838133691465281
0.0047285228766941355
0.004621382591285798
0.004516657657573009
0.004414294103428591
0.004314239137007331
0.004216441121957453
0.0041208495530957595
0.004027415032540124
0.00393608924629315
0.003846824941270574
0.003759575902768189
0.003674296932360742
0.003590943826226472
0.003509473353890641
0.003429843237381787
0.003352012130794041
0.003275939600249083
0.003201586104251154
0.00312891297442876
0.0030578823966564872
0.0029884573925505423
0.0029206018013315164
0.0028542802620480615
0.0027894581961550456
0.0027261017904398836
0.002664177980290774
0.0026036544333005113
0.002544499533199802
0.0024866823641138056
0.0024301726951359228
0.002374940965212629
0.0023209582683335213
0.002268196339020529
0.002216627538110473
0.002166224838825087
0.0021169618131228287
0.0020688126183267133
0.0020217519840225935
0.0019757551992222377
0.0019307980997858177
0.0018868570560982663
0.0018439089609942126
0.0018019312179261284
0.00176090172937053
0.0017207988854670239
0.0016816015528851472
0.0016432890639139525
0.00160584120576946
0.0015692382101150702
0.0015334607427901846
0.0014984898937423633
0.0014643071671583486
0.001430894471789507
0.0013982341114672295
0.0013663087758039659
0.0013351015310756578
0.001304595811281481
0.0012747754093768576
0.0012456244686759
0.0012171274744194745
0.0011892692455053378
0.001162034926376839
0.001135409979066923
0.0011093801753942708
0.001083931589308702
0.0010590505893830777
0.0010347238314492434
0.0010109382513757436
0.000987681057985379
0.0009649397261109269
0.0009427019897877091
0.0009209558355820306
0.0008996894960549605
0.0008788914433613288
0.0008585503829843154
0.000838655247606572
0.0008191951911193529
0.000800159582771867
0.000781538001463698
0.0007633202301839868
0.000745496250601883
0.0007280562378137746
0.0007109905552537748
0.0006942897497751052
0.0006779445469112088
0.0006619458463267645
0.0006462847174701885
0.0006309523954407353
0.00061594027708495
0.0006012399173389914
0.0005868430258351662
0.0005727414637929996
0.0005589272412171604
0.000545392514426739
0.0005321295839424765
0.0005191308927607938
0.0005063890250456133
0.0004938967052711607
0.00048164679785092494
0.00046963230728985225
0.0004578463788984793
0.00044628230010897044
0.0004349335024339083
0.0004237935641088976
0.0004128562134596246
0.0004021153330326305
0.00039156496452667284
0.0003811993145578204
0.0003710127612862539
0.00036099986192580295
0.0003511553611483719
0.00034147420038426455
0.0003319515280058457
0.00032258271036570405
0.0003133633436413561
0.0003042892664163639
0.0002953565729025238
0.0002865616266794808
0.00027790107479696343
0.0002693718620510045
0.0002609712452096002
0.0002526968069258492
0.0002445464690387018
0.00023651850492409132
0.00022861155052392735
0.00022082461364880646
0.00021315708112424538
0.00020560872333189956
0.00019817969568871902
0.00019087053661067546
0.0001836821615256309
0.0001766158525341601
0.00016967324336915522
0.00016285629937593272
0.00015616729232453217
0.00014960876997441685
0.00014318352043711787
0.0001368945315218432
0.0001307449453987246
0.00012473800906927669
0.00011887702128778168
0.00011316527672411681
0.00010760600829090808
0.00010220232866885768
0.0000969571721470138
0.00009187323794404289
0.00008695293618788223
0.00008219833770198746
0.00007761112867615903
0.00007319257119030271
0.0000689434704141701
0.00006486414913092306
0.000060954430034585333
0.00005721362603971898
0.00005364053862516966
0.00005023346402176313