6.952773109566889e-29
7.623558425946871e-29
8.359059205201439e-29
9.16551899371719e-29
1.0049783693634514e-28
1.1019359675783065e-28
1.208247749909375e-28
1.324816177737259e-28
1.4526307786500178e-28
1.5927765462339536e-28
1.7464431502365431e-28
1.9149350352819659e-28
2.0996824938617094e-28
2.3022538075930224e-28
2.5243685598052476e-28
2.767912232457228e-28
3.0349522112901383e-28
3.3277553350742206e-28
3.648807137913691e-28
4.0008329479458974e-28
4.386821021527606e-28
4.810047909279589e-28
5.274106269304068e-28
5.782935363662364e-28
6.340854496975257e-28
6.9525996809824565e-28
7.623363836278238e-28
8.358840872465606e-28
9.165274020890457e-28
1.0049508830212985e-27
1.1019051274653049e-27
1.2082131468139838e-27
1.324777352518112e-27
1.4525872161437973e-27
1.5927276684199424e-27
1.7463883085671526e-27
1.9148735020775158e-27
2.099613452655241e-27
2.3021763422970585e-27
2.5242816425567925e-27
2.767814709979672e-27
3.034842789591183e-27
3.327632562276759e-27
3.648669384991845e-27
4.000678387110655e-27
4.38664760197523e-27
4.809853329981104e-27
5.2738879484747084e-27
5.782690404506032e-27
6.340579649249377e-27
6.95229129787339e-27
7.62301782601503e-27
8.358452644030134e-27
9.164838423103659e-27
1.0049020083389054e-26
1.101850289391479e-26
1.2081516177377822e-26
1.324708316051467e-26
1.452509756289851e-26
1.5926407574197228e-26
1.7462907932634902e-26
1.9147640886152483e-26
2.099490689314702e-26
2.302038600233147e-26
2.5241270941880464e-26
2.767641304740662e-26
3.034648226726531e-26
3.327414260315843e-26
3.648424447499233e-26
4.0004035642578815e-26
4.3863392474241057e-26
4.80950735250656e-26
5.273499757685374e-26
5.782254849942445e-26
6.340090952051954e-26
6.951742974113512e-26
7.622402600672319e-26
8.357762354474573e-26
9.164063910802302e-26
1.0048151072400578e-25
1.1017527854560102e-25
1.2080422173278247e-25
1.3245855676968446e-25
1.4523720314319093e-25
1.5924862288058771e-25
1.7461174107059115e-25
1.9145695517920913e-25
2.099272417253104e-25
2.301793697069176e-25
2.523852310749387e-25
2.7673329954424863e-25
3.034302301208718e-25
3.3270261291801035e-25
3.6479889614263126e-25
3.999914945697274e-25
4.385791013950226e-25
4.808892230824689e-25
5.272809587146799e-25
5.781480474289006e-25
6.339222097954077e-25
6.950768114890767e-25
7.621308803388848e-25
8.356535108381473e-25
9.162686934851363e-25
1.0046606099276592e-24
1.1015794388367231e-24
1.2078477217666703e-24
1.324367343009569e-24
1.4521271826600004e-24
1.5922115078165628e-24
1.745809173107884e-24
1.9142237085955473e-24
2.0988843806330483e-24
2.3013583195126837e-24
2.5233638167798745e-24
2.7667849050154052e-24
3.033687343763151e-24
3.326336147206047e-24
3.647214802269219e-24
3.999046340164926e-24
4.384816440112459e-24
4.8077987611994246e-24
5.2715827172467136e-24
5.78010393025495e-24
6.337677620724703e-24
6.949035218046608e-24
7.619364501460078e-24
8.35435361201697e-24
9.160239308807556e-24
1.004385987869147e-23
1.1012713148232124e-23
1.2075020089787947e-23
1.3239794561142234e-23
1.4516919770052214e-23
1.591723211210429e-23
1.745261309277052e-23
1.9136090113087607e-23
2.0981946973512277e-23
2.300584503288396e-23
2.5224956049732823e-23
2.7658107832190184e-23
3.032594393131756e-23
3.325109873168244e-23
3.6458389423502677e-23
3.997502648373855e-23
4.3830844450357976e-23
4.805855494595572e-23
5.269402409544113e-23
5.777657668918683e-23
6.334932966964255e-23
6.945955776785604e-23
7.615909438869592e-23
8.350477114219467e-23
9.15588997457918e-23
1.0038980038116086e-22
1.1007238098279822e-22
1.20688772366902e-22
1.3232902458201786e-22
1.4509187038140504e-22
1.5908556228546031e-22
1.744287903257188e-22
1.9125168824509197e-22
2.0969693667794867e-22
2.2992097265473803e-22
2.520953156759293e-22
2.7640802158687336e-22
3.0306527656700286e-22
3.3229314473268073e-22
3.643394841531927e-22
3.9947604750462737e-22
4.3800078514888e-22
4.802403701378617e-22
5.265529665208179e-22
5.773312643910114e-22
6.330058073646724e-22
6.9404864065889235e-22
7.609773106467689e-22
8.34359249740973e-22
9.148165837155643e-22
1.0030314021481349e-21
1.0997515365804038e-21
1.2057968952878273e-21
1.3220664082544969e-21
1.449545641107806e-21
1.5893151424213775e-21
1.7425595949930688e-21
1.9105778484987924e-21
2.0947939183702394e-21
2.296769043908254e-21
2.5182149075915127e-21
2.7610081273489808e-21
3.0272061443160884e-21
3.3190646403789126e-21
3.639056632728518e-21
3.989893406806239e-21
4.374547464540062e-21
4.796277681782543e-21
5.258656887506401e-21
5.765602097748333e-21
6.321407659691789e-21
6.930781585829696e-21
7.598885385054663e-21
8.331377727017774e-21
9.13446230841951e-21
1.0014940325322805e-20
1.0980267994407257e-20
1.2038619608635196e-20
1.3198956659440334e-20
1.4471103608663488e-20
1.5865830949475434e-20
1.739494625692108e-20
1.9071393995998696e-20
2.0909364928921726e-20
2.292441604401418e-20
2.5133602017246247e-20
2.755561931445157e-20
3.0210964148620543e-20
3.312210562319035e-20
3.631367551996263e-20
3.981267633021435e-20
4.364870928091313e-20
4.785422427597717e-20
5.246479385665032e-20
5.751941348680067e-20
6.306083069003786e-20
6.913590580774907e-20
7.579600741257539e-20
8.309744570264214e-20
9.11019475204773e-20
9.98771769896378e-20
1.0949730614455294e-19
1.2004364034809693e-19
1.3160530375054176e-19
1.4427999054645143e-19
1.58174788337136e-19
1.73407080509912e-19
1.9010553520671572e-19
2.0841118917905335e-19
2.284786356198468e-19
2.50477325932077e-19
2.74592996346317e-19
3.0102923134241596e-19
3.300091769730449e-19
3.6177741843834263e-19
3.9660203763160825e-19
4.347768678773111e-19
4.766239647270227e-19
5.2249631347983745e-19
5.727807960660659e-19
6.279014420932128e-19
6.883229912186016e-19
7.54554796603653e-19
8.271551020415587e-19
9.067357284565261e-19
9.93967208874262e-19
1.089584414688128e-18
1.1943927201233279e-18
1.3092747562671789e-18
1.4351978109219803e-18
1.5732219358898844e-18
1.7245088291589418e-18
1.8903315658747596e-18
2.0720852590051386e-18
2.2712987382927832e-18
2.4896473445069e-18
2.7289669452153787e-18
2.991269288382674e-18
3.278758821133043e-18
3.593851113097511e-18
3.93919303698104e-18
4.3176848734525045e-18
4.732504523290557e-18
5.187134027042374e-18
5.685388611406444e-18
6.2314485022938966e-18
6.829893767213892e-18
7.485742474459162e-18
8.204492483729854e-18
8.992167212550204e-18
9.855365755338764e-18
1.080131776755223e-17
1.1837943566213721e-17
1.297391994067978e-17
1.4218752214021056e-17
1.5582853146275967e-17
1.7077629326475976e-17
1.8715575761185206e-17
2.0510379433826223e-17
2.2477032681801438e-17
2.4631957317950804e-17
2.6993140509818518e-17
2.958028352525193e-17
3.241496455673075e-17
3.552081695038222e-17
3.8923724289735e-17
4.265203391989156e-17
4.6736790646005345e-17
5.121199250190568e-17
5.611487066164399e-17
6.148619576008088e-17
6.737061309980365e-17
7.38170094523849e-17
8.087891441397601e-17
8.861493955045012e-17
9.708925886787952e-17
1.0637213447236434e-16
1.1654049164159376e-16
1.2767854792185244e-16
1.3987850129132758e-16
1.5324128289691965e-16
1.6787738038073613e-16
1.8390773836797067e-16
2.0146474329410568e-16
2.206933004108977e-16
2.417520115324067e-16
2.648144628697163e-16
2.900706331620675e-16
3.1772843324896907e-16
3.4801538924977856e-16
3.8118048263153203e-16
4.174961616608787e-16
4.572605400606761e-16
5.007998001360029e-16
5.484708192083264e-16
6.006640399123456e-16
6.57806606779392e-16
7.203657935685196e-16
7.888527480257001e-16
8.638265831692043e-16
9.458988468324685e-16
1.035738404063689e-15
1.1340767701038181e-15
1.241713935064973e-15
1.3595247251320174e-15
1.4884657491390148e-15
1.6295829837563902e-15
1.7840200552955177e-15
1.9530272813280487e-15
2.1379715409636942e-15
2.3403470487719786e-15
2.561787114011809e-15
2.8040769740957218e-15
3.0691677991101047e-15
3.3591919727954285e-15
3.676479764717417e-15
4.023577518495678e-15
4.403267491967928e-15
4.818589497130694e-15
5.27286450068822e-15
5.769720360151745e-15
6.3131198857475194e-15
6.907391435022407e-15
7.557262265083425e-15
8.267894886993594e-15
9.044926688096393e-15
9.894513111094247e-15
1.0823374703706452e-14
1.1838848379847528e-14
1.2948943262658918e-14
1.4162401511594415e-14
1.548876457029268e-14
1.6938445309393567e-14
1.8522806578997155e-14
2.0254246729379655e-14
2.2146292706143927e-14
2.4213701377473116e-14
2.6472569806914777e-14
2.8940455245455586e-14
3.163650568195295e-14
3.4581601861637405e-14
3.779851175882708e-14
4.13120585726505e-14
4.514930340396077e-14
4.933974386824041e-14
5.3915530003762326e-14
5.891169894712982e-14
6.436642997029654e-14
7.032132160491164e-14
7.682169272214553e-14
8.391690958981527e-14
9.166074109455583e-14
1.0011174449585703e-13
1.0933368427211001e-13
1.1939598682734788e-13
1.303742340524159e-13
1.4235069897701429e-13
1.5541492701083314e-13
1.6966436655425783e-13
1.852050530634168e-13
2.021523509823702e-13
2.2063175830868083e-13
2.407797789395704e-13
2.627448683561513e-13
2.8668845864528986e-13
3.127860693346883e-13
3.4122851102939025e-13
3.722231893898132e-13
4.05995517585579e-13
4.427904459987743e-13
4.82874118638576e-13
5.265356664695065e-13
5.740891486523143e-13
6.258756535533974e-13
6.822655723003435e-13
7.436610586525092e-13
8.104986900212134e-13
8.832523456202776e-13
9.6243631895942e-13
1.048608683217392e-12
1.1423749294547993e-12
1.244391899156254e-12
1.3553720342350083e-12
1.4760879693991008e-12
1.607377493675523e-12
1.7501489099266671e-12
1.9053868233829718e-12
2.0741583925667725e-12
2.257620078508117e-12
2.45702493086481e-12
2.6737304524716456e-12
2.9092070869702674e-12
3.165047377528952e-12
3.4429758482652806e-12
3.744859663854774e-12
4.0727201269617785e-12
4.428745077588165e-12
4.815302263220285e-12
5.234953753791987e-12
5.690471480993611e-12
6.184853987374053e-12
6.721344477030894e-12
7.303450266498237e-12
7.934963741751914e-12
8.61998493509833e-12
9.362945844128982e-12
1.016863662395652e-11
1.1042233793637382e-11
1.1989330608084348e-11
1.3015969757924666e-11
1.4128678571728363e-11
1.533450690786792e-11
1.6641067937042618e-11
1.805658203127676e-11
1.9589923991046088e-11
2.1250673859190646e-11
2.304917158850554e-11
2.4996575849465305e-11
2.7104927285514148e-11
2.938721654586385e-11
3.185745744987565e-11
3.453076566299641e-11
3.742344329198085e-11
4.0553069836919655e-11
4.393859996952803e-11
4.760046864141241e-11
5.156070406276051e-11
5.584304913130997e-11
6.047309193369443e-11
6.54784059865883e-11
7.088870093365058e-11
7.673598446638857e-11
8.305473629293297e-11
8.98820950386466e-11
9.725805902672756e-11
1.0522570195588321e-10
1.1383140456602405e-10
1.2312510346213972e-10
1.3316055835148394e-10
1.4399563904023884e-10
1.556926336335231e-10
1.683185794872814e-10
1.8194561857289487e-10
1.9665137903567885e-10
2.1251938485752652e-10
2.296394956722899e-10
2.4810837893087346e-10
2.680300167720017e-10
2.8951625012519047e-10
3.126873627552052e-10
3.3767270815331335e-10
3.646113823906795e-10
3.936529462745446e-10
4.2495820038924363e-10
4.5870001686303107e-10
4.950642319790933e-10
5.342506040466789e-10
5.764738412671083e-10
6.219647046713368e-10
6.709711915720823e-10
7.237598053664495e-10
7.80616917945991e-10
8.418502314225065e-10
9.077903463618034e-10
9.787924442360951e-10
1.0552380923618148e-9
1.1375371801853669e-9
1.2261299964182163e-9
1.3214894572071618e-9
1.424123496259674e-9
1.5345776286306071e-9
1.653437700719919e-9
1.7813328399343807e-9
1.9189386184352188e-9
2.0669804464315072e-9
2.2262372115922335e-9
2.3975451823421647e-9
2.581802194085417e-9
2.779972138770357e-9
2.9930897796783946e-9
3.222265914892509e-9
3.468692914588865e-9
3.733650659102356e-9
4.018512906655182e-9
4.324754121713651e-9
4.653956797164955e-9
5.0078193058908465e-9
5.388164319871757e-9
5.796947837695746e-9
6.2362688642823015e-9
6.708379789779526e-9
7.2156975179655715e-9
7.76081539810125e-9
8.346516018053882e-9
8.975784920665921e-9
9.651825309791047e-9
1.0378073817190546e-8
1.1158217406592356e-8
1.1996211496694368e-8
1.2896299390762399e-8
1.3863033106766144e-8
1.4901295708735794e-8
1.601632524725054e-8
1.721374042471047e-8
1.8499568109345e-8
1.9880272830799985e-8
2.1362788399680076e-8
2.2954551803632744e-8
2.4663539543509808e-8
2.6498306584866627e-8
2.846802811263434e-8
3.058254429026839e-8
3.2852408239112266e-8
3.528893746918951e-8
3.790426900920897e-8
4.071141850134114e-8
4.3724343545357374e-8
4.695801159713213e-8
5.0428472748364897e-8
5.415293773781679e-8
5.814986156945944e-8
6.243903313984772e-8
6.704167130585159e-8
7.198052785479364e-8
7.727999787213942e-8
8.296623803738531e-8
8.906729341679466e-8
9.561323336239878e-8
1.026362971703296e-7
1.101710501983591e-7
1.1825455119264164e-7
1.269265316274093e-7
1.3622958791893308e-7
1.462093874367846e-7
1.5691488930152617e-7
1.683985810288377e-7
1.8071673215600004e-7
1.939296660680139e-7
2.081020513278423e-7
2.2330321390865338e-7
2.396074718260978e-7
2.5709449377589767e-7
2.758496834970345e-7
2.959645917039485e-7
3.1753735756323436e-7
3.406731818317212e-7
3.654848339244612e-7
3.9209319534351136e-7
4.206278420725133e-7
4.51227668728537e-7
4.840415574625698e-7
5.19229094814112e-7
5.569613399549202e-7
5.974216480027664e-7
6.408065523496823e-7
6.873267102314055e-7
7.372079160674215e-7
7.906921874251338e-7
8.480389288092022e-7
9.095261788492314e-7
9.754519468580312e-7
1.0461356451600664e-6
1.1219196240476956e-6
1.2031708167137625e-6
1.2902825020347711e-6
1.3836761936426595e-6
1.4838036643268214e-6
1.5911491154553241e-6
1.7062315017972542e-6
1.8296070228713933e-6
1.961871792742183e-6
2.103664701037274e-6
2.2556704788745074e-6
2.4186229843659754e-6
2.593308723415888e-6
2.780570622653734e-6
2.9813120725486744e-6
3.1965012600425013e-6
3.4271758114214853e-6
3.67444776763003e-6
3.939508915816666e-6
4.2236365026051925e-6
4.528199356406605e-6
4.854664448041762e-6
5.2046039210371545e-6
5.5797026251998945e-6
5.981766189480497e-6
6.412729672707751e-6
6.874666833537628e-6
7.369800063915222e-6
7.900511033515208e-6
8.469352096019265e-6
9.079058511725742e-6
9.732561544879956e-6
0.000010433002498288792
0.000011183747752252694
0.000011988404879640254
0.000012850839914060039
0.000013775195853585153
0.000014765912488373942
0.000015827747646843344
0.000016965799961808273
0.000018185533265245692
0.00001949280272809806
0.000020893882869843837
0.00002239549757146274
0.00002400485223496282
0.00002572966824284949
0.000027578219881861734
0.000029559373907016605
0.00003168263193456077
0.000033958175865869904
0.000036396916558740955
0.00003901054597793856
0.000041811593073379276
0.00004481348365202152
0.00004803060452846837
0.0000514783722595778
0.00005517330679008221
0.00005913311035947924
0.00006337675204534303
0.00006792455834486399
0.0000727983102249421
0.00007802134710170989
0.00008361867824303694
0.00008961710212256264
0.00009604533429122493
0.00010293414437232902
0.00011031650282904916
0.00011822773819912801
0.00012670570554057
0.00013579096688461214
0.0001455269845483489
0.0001559603282194032
0.00016714089678915436
0.00017912215597962812
0.00019196139288241276
0.00020571998860629615
0.00022046371031393918
0.00023626302401729104
0.00025319342959684136
0.0002713358196116685
0.0002907768635759818
0.00031160941949379893
0.000333932974567169
0.0003578541171252177
0.0003834870419619455
0.00041095409142042006
0.00044038633472060146
0.0004719241881977699
0.0005057180792992298
0.0005419291573789488
0.000580730054533976
0.0006223056999431533
0.0006668541913987114
0.0007145877279651186
0.0007657336079580165
0.0008205352967094884
0.0008792535688751522
0.0009421677303438697
0.0010095769251331926
0.001081801532992956
0.0011591846637966545
0.001242093755174992
0.0013309222802392769
0.0014260915726534917
0.001528052776743067
0.001637288930775512
0.0017543171920117735
0.0018796912126076608
0.002014003675939518
0.002157889003436966
0.002312026242524455
0.0024771421468014363
0.0026540144601230444
0.0028434754167765692
0.003046415470476881
0.0032637872654220053
0.00349660986314891
0.003745973239402038
0.004013043065660977
0.004299065790358661
0.0046053740351410955
0.004933392321759025
0.005284643145319432
0.005660753409640473
0.006063461240318857
0.006494623190806378
0.006956221856265252
0.007450373909195554
0.007979338569753924
0.008545526522263711
0.009151509287597054
0.009800029058822187
0.010494009004690219
0.01123656404209949
0.012031012074541944
0.012880885688601146
0.013789944294740251
0.014762186691765392
0.01580186402636199
0.01691349310983469
0.018101870043507134
0.01937208409199559
0.020729531729617442
0.022179930769363653
0.023729334466011744
0.02538414546491535
0.027151129445652466
0.02903742828490589
0.03105057253560816
0.03319849298942831
0.035489531057115165
0.037932447666074766
0.04053643033700435
0.043311098061647464
0.04626650356214739
0.0494131324695732
0.05276189891564197
0.05632413698839238
0.06011158746067125
0.06413637916120944
0.06841100432343862
0.07294828721908293
0.07776134536424473
0.08286354257789919
0.08826843317937624
0.09398969663587949
0.1000410620168594
0.10643622168285688
0.11318873373594951
0.12031191289083647
0.12781870959312192
0.13572157741727897
0.14403232902289806
0.15276198123490256
0.16192059014050206
0.17151707746004846
0.18155904984554458
0.1920526131817823
0.20300218440042442
0.21441030375343487
0.22627745091278742
0.23860186864927854
0.25137939817346117
0.26460333047341505
0.2782642781343076
0.2923500721511158
0.3068456881286815
0.3217332059863887
0.3369918068379943
0.35259781009725666
0.3685247530725704
0.3847435143734876
0.40122248138348904
0.4179277608905108
0.43482343075199814
0.4518718292532319
0.4690338776492428
0.48626943031523157
0.5035376460193866
0.52079737312042
0.5380075410164734
0.5551275499567622
0.572117651383907
0.5889393113001723
0.6055555497279851
0.6219312501342282
0.6380334336687322
0.6538314941818162
0.6692973911812135
0.6844057991115902