6.95277310819852e-29
7.623558424375774e-29
8.359059203397581e-29
9.165518991646089e-29
1.0049783691256576e-28
1.1019359673052833e-28
1.208247749595903e-28
1.3248161773773452e-28
1.4526307782367825e-28
1.5927765457594964e-28
1.7464431496917947e-28
1.9149350346565117e-28
2.099682493143594e-28
2.302253806768517e-28
2.524368558858591e-28
2.767912231370323e-28
3.0349522100422065e-28
3.327755333641406e-28
3.6488071362686043e-28
4.0008329460570897e-28
4.386821019358969e-28
4.810047906789667e-28
5.2741062664452625e-28
5.782935360380021e-28
6.340854493206637e-28
6.9525996766555115e-28
7.623363831310254e-28
8.358840866761613e-28
9.165274014341417e-28
1.00495088226937e-27
1.1019051266019784e-27
1.2082131458227554e-27
1.3247773513800329e-27
1.4525872148371116e-27
1.5927276669196716e-27
1.746388306844617e-27
1.914873500099787e-27
2.0996134503845127e-27
2.302176339689923e-27
2.524281639563411e-27
2.767814706542824e-27
3.034842785645168e-27
3.3276325577461465e-27
3.6486693797900274e-27
4.0006783811381934e-27
4.386647595117954e-27
4.809853322107933e-27
5.2738879394351396e-27
5.782690394127266e-27
6.3405796373330145e-27
6.952291284191641e-27
7.623017810306357e-27
8.358452625994254e-27
9.164838402395806e-27
1.0049020059613382e-26
1.1018502866616813e-26
1.2081516146035723e-26
1.324708312452933e-26
1.452509752158206e-26
1.5926407526759872e-26
1.7462907878169863e-26
1.914764082361864e-26
2.0994906821349015e-26
2.3020385919896878e-26
2.5241270847233525e-26
2.7676412938738143e-26
3.0346482142498074e-26
3.327414245990751e-26
3.64842443105195e-26
4.0004035453740153e-26
4.3863392257426944e-26
4.809507327613168e-26
5.273499729104169e-26
5.782254817127105e-26
6.340090914375224e-26
6.95174293085522e-26
7.622402551005598e-26
8.357762297450073e-26
9.164063845330034e-26
1.0048150997229083e-25
1.101752776825253e-25
1.2080422074184905e-25
1.3245855563195255e-25
1.4523720183691383e-25
1.5924862138079734e-25
1.7461173934862074e-25
1.9145695320214528e-25
2.0992723945536416e-25
2.301793671007021e-25
2.5238522808263994e-25
2.767332961086737e-25
3.0343022617635537e-25
3.3270260838916e-25
3.647988909428865e-25
3.999914885997056e-25
4.385790945406192e-25
4.8088921521267695e-25
5.272809496790868e-25
5.781480370548128e-25
6.339221978845509e-25
6.950767978138068e-25
7.6213086463783745e-25
8.356534928112431e-25
9.16268672787846e-25
1.0046605861644203e-24
1.1015794115533812e-24
1.2078476904417995e-24
1.324367307044508e-24
1.4521271413674135e-24
1.5922114604073055e-24
1.745809118675923e-24
1.9142236461006484e-24
2.0988843088809e-24
2.3013582371320747e-24
2.5233637221964958e-24
2.7667847964217674e-24
3.03368721908405e-24
3.326336004058911e-24
3.6472146379185926e-24
3.999046151470195e-24
4.384816223467859e-24
4.807798512465142e-24
5.271582431669796e-24
5.780103602378504e-24
6.337677244283639e-24
6.949034785847954e-24
7.619364005245563e-24
8.354353042305266e-24
9.16023865471315e-24
1.0043859127716732e-23
1.1012712286028557e-23
1.2075019099882108e-23
1.3239793424621092e-23
1.4516918465201848e-23
1.591723061399516e-23
1.7452611372781336e-23
1.913608813835862e-23
2.0981944706317718e-23
2.30058424299115e-23
2.522495306125644e-23
2.765810440112043e-23
3.0325939992111385e-23
3.3251094209091494e-23
3.6458384231136384e-23
3.997502052241443e-23
4.383083760620777e-23
4.8058547088251154e-23
5.269401507409783e-23
5.777656633189874e-23
6.334931777859222e-23
6.945954411593792e-23
7.615907871518067e-23
8.350475314775176e-23
9.155887908677538e-23
1.0038977666304984e-22
1.100723537526657e-22
1.2068874110477006e-22
1.3232898869093273e-22
1.4509182917604379e-22
1.5908551497905148e-22
1.744287360150272e-22
1.912516258931823e-22
2.096968650943975e-22
2.2992089047291902e-22
2.5209522132693634e-22
2.764079132695864e-22
3.0306515221372405e-22
3.3229300196968684e-22
3.643393202554509e-22
3.9947585934381276e-22
4.380005691337018e-22
4.802401221455622e-22
5.265526818185388e-22
5.773309375455282e-22
6.330054321387766e-22
6.940482098924486e-22
7.609768161201786e-22
8.343586820184439e-22
9.148159319652036e-22
1.0030306539354306e-21
1.0997506776311708e-21
1.2057959092160951e-21
1.3220652762501607e-21
1.449544341578092e-21
1.5893136505792945e-21
1.742557882385011e-21
1.9105758824623007e-21
2.094791661411597e-21
2.2967664529880666e-21
2.518211933304682e-21
2.761004712983457e-21
3.0272022247724966e-21
3.319060140930486e-21
3.639051467597758e-21
3.989887477531212e-21
4.3745406580992545e-21
4.7962698684426306e-21
5.258647918351963e-21
5.7655918018465745e-21
6.3213958408383274e-21
6.930768018813572e-21
7.59886981137155e-21
8.331359849949934e-21
9.134441787388948e-21
1.0014916769410374e-20
1.0980240954914524e-20
1.2038588570547811e-20
1.3198921031630691e-20
1.44710627126467e-20
1.5865784006504993e-20
1.739489237317929e-20
1.907133214560071e-20
2.0909293934410576e-20
2.2924334553976686e-20
2.5133508480625067e-20
2.7555511951066075e-20
3.021084091533736e-20
3.312196417510209e-20
3.631351316583864e-20
3.9812489981379004e-20
4.364849539258282e-20
4.785397877994429e-20
5.2464512084038865e-20
5.751909007943046e-20
6.306045949871877e-20
6.913547977557966e-20
7.579551844103691e-20
8.309688449795387e-20
9.110130341730619e-20
9.987643774882773e-20
1.0949645772104885e-19
1.2004266662467587e-19
1.3160418623231833e-19
1.4427870801038518e-19
1.5817331642991928e-19
1.7340539128664495e-19
1.9010359660165781e-19
2.0840896439846328e-19
2.2847608244545317e-19
2.504743959220422e-19
2.745896339186264e-19
3.010253727234135e-19
3.300047489913006e-19
3.617723371411298e-19
3.965962066979365e-19
4.347701767976396e-19
4.766162867153979e-19
5.224875030791785e-19
5.727706864015669e-19
6.278898417222308e-19
6.8830968051783885e-19
7.545395236257762e-19
8.2713757776345845e-19
9.067156213300448e-19
9.939441385771578e-19
1.0895579449581042e-18
1.1943623505408109e-18
1.3092399128329027e-18
1.4351578352529361e-18
1.573176072831413e-18
1.7244562125812259e-18
1.890271202388121e-18
2.0720160092898068e-18
2.2712192956943748e-18
2.48955621049801e-18
2.7288624012654033e-18
2.991149363711272e-18
3.2786212557462085e-18
3.593693315417707e-18
3.939012035282617e-18
4.317477260198837e-18
4.732266391337931e-18
5.186860896525164e-18
5.685075345945849e-18
6.2310892129752866e-18
6.82948170255202e-18
7.485269894312093e-18
8.203950514826638e-18
8.991545682958778e-18
9.85465300481313e-18
1.0800500430254604e-17
1.1837006321800007e-17
1.2972845229156276e-17
1.421751990911626e-17
1.558144018131151e-17
1.7076009265851907e-17
1.8713718309600702e-17
2.0508249874220092e-17
2.2474591231696702e-17
2.4629158392401173e-17
2.6989931877454672e-17
2.95766053419824e-17
3.2410748259430755e-17
3.551598399036422e-17
3.891818468289295e-17
4.264568458709364e-17
4.6729513513520176e-17
5.1203652327316136e-17
5.610531254575575e-17
6.147524229968068e-17
6.735806112966719e-17
7.380262631756186e-17
8.086243370496051e-17
8.859605622423238e-17
9.706762366690016e-17
1.0634734754086498e-16
1.1651209522455955e-16
1.2764601801542435e-16
1.3984123809494274e-16
1.5319859989619558e-16
1.6782849186588147e-16
1.838517451648656e-16
2.0140061645367554e-16
2.2061986256646099e-16
2.416679155937048e-16
2.6471816767562437e-16
2.899603756607529e-16
3.17602196713605e-16
3.4787086696880657e-16
3.810150364337394e-16
4.1730677454588917e-16
4.570437621033433e-16
5.005516867169419e-16
5.48186860490478e-16
6.003390803328625e-16
6.574347531547407e-16
7.199403102157191e-16
7.883659370808383e-16
8.632696480321514e-16
9.452617363799593e-16
1.0350096349469545e-15
1.1332432240764885e-15
1.240760627866024e-15
1.3584345429703382e-15
1.4872191482830812e-15
1.6281576481158557e-15
1.7823905061814877e-15
1.9511644327843204e-15
2.1358421931597678e-15
2.3379133109260737e-15
2.5590057471524473e-15
2.8008986426556502e-15
3.0655362188560424e-15
3.35504294090846e-15
3.671740055925774e-15
4.018163628995164e-15
4.397084210412257e-15
4.81152827919766e-15
5.264801620586063e-15
5.760514808876442e-15
6.302610981883192e-15
6.895396109334182e-15
7.543571975018209e-15
8.252272111404285e-15
9.027100945954794e-15
9.874176440562958e-15
1.080017652959402e-14
1.181238968805533e-14
1.2918769989609194e-14
1.4127997044657174e-14
1.5449541241737555e-14
1.689373475119388e-14
1.84718487886979e-14
2.0196177677974655e-14
2.2080130297228382e-14
2.4138329542553574e-14
2.6386720494343207e-14
2.884268802964344e-14
3.15251846849088e-14
3.445486964000595e-14
3.7654259765983844e-14
4.114789375646441e-14
4.49625104459529e-14
4.9127242508347085e-14
5.367382682598422e-14
5.863683292416054e-14
6.405391097882392e-14
6.99660610266209e-14
7.641792513735773e-14
8.345810444987557e-14
9.113950312411324e-14
9.951970142546893e-14
1.0866136033341237e-13
1.1863266025542442e-13
1.295077766308454e-13
1.413673954280227e-13
1.5429927177343644e-13
1.6839883520439786e-13
1.837698453087219e-13
2.0052510180686493e-13
2.1878721344572344e-13
2.386894304103432e-13
2.6037654532159144e-13
2.840058682764071e-13
3.097482818042725e-13
3.3778938206113916e-13
3.6833071306232193e-13
4.0159110127122346e-13
4.378080984134104e-13
4.772395409785774e-13
5.201652355085934e-13
5.668887794516562e-13
6.177395280934824e-13
6.730747188599419e-13
7.332817651255618e-13
7.987807325622895e-13
8.70027012027799e-13
9.475142040262397e-13
1.031777230882206e-12
1.1233956939553754e-12
1.2229974944950517e-12
1.3312627380961215e-12
1.4489279441773719e-12
1.5767905834668565e-12
1.715713968153579e-12
1.8666325211594072e-12
2.030557452906875e-12
2.20858287601789e-12
2.401892390583558e-12
2.6117661750086633e-12
2.8395886199651403e-12
3.086856545701141e-12
3.3551880458567247e-12
3.6463320040503155e-12
3.9621783328342484e-12
4.304768988191225e-12
4.6763098165710096e-12
5.079183295569659e-12
5.515962233748758e-12
5.989424499803552e-12
6.502568856336003e-12
7.0586319789004746e-12
7.661106746787271e-12
8.313761898225955e-12
9.020663149350204e-12
9.78619588340896e-12
1.0615089524361807e-11
1.1512443717204127e-11
1.2483756446162288e-11
1.3534954231332433e-11
1.467242455444605e-11
1.5903050675285593e-11
1.7234249011897812e-11
1.8674009270210392e-11
2.023093752202149e-11
2.19143024446552e-11
2.373408495093869e-11
2.5701031454622568e-11
2.7826711034029035e-11
3.012357677564437e-11
3.2605031599678206e-11
3.528549889137558e-11
3.818049828521466e-11
4.130672697414396e-11
4.468214694285374e-11
4.8326078552836275e-11
5.225930093784722e-11
5.650415970144398e-11
6.108468244374485e-11
6.602670268255678e-11
7.135799277478622e-11
7.710840648773442e-11
8.33100319167301e-11
8.999735549575499e-11
9.720743790156553e-11
1.049801027095159e-10
1.1335813872114478e-10
1.223875169499205e-10
1.3211762332259254e-10
1.4260150822982365e-10
1.5389615414142206e-10
1.6606276258906566e-10
1.791670619132073e-10
1.9327963727145829e-10
2.0847628451351547e-10
2.248383896432716e-10
2.4245333571252965e-10
2.6141493912351597e-10
2.818239174595889e-10
3.037883911160391e-10
3.2742442116620703e-10
3.528565860733149e-10
3.8021860004602844e-10
4.0965397603694933e-10
4.413167365987199e-10
4.753721760434913e-10
5.119976775990258e-10
5.513835895200816e-10
5.937341643979656e-10
6.392685662159536e-10
6.882219500247694e-10
7.408466194622689e-10
7.974132677165991e-10
8.582123079338534e-10
9.2355529950213e-10
9.937764771053409e-10
1.0692343899349048e-9
1.1503136589773834e-9
1.2374268608643556e-9
1.331016547379461e-9
1.4315574103701296e-9
1.5395586025103525e-9
1.6555662251103727e-9
1.7801659949718125e-9
1.9139861031474544e-9
2.057700279386557e-9
2.2120310770350597e-9
2.3777533942186224e-9
2.55569824827151e-9
2.7467568215898726e-9
2.9518847983915608e-9
3.1721070132607078e-9
3.4085224338521814e-9
3.6623095017340876e-9
3.934731857065624e-9
4.2271444746488334e-9
4.541000240866223e-9
4.877857003131582e-9
5.239385125746706e-9
5.627375588486193e-9
6.0437486668342665e-9
6.490563235587168e-9
6.9700267405222365e-9
7.484505886038206e-9
8.036538090102489e-9
8.628843761519588e-9
9.264339458474337e-9
9.946151991528209e-9
1.0677633538770998e-8
1.146237784568127e-8
1.2304237587443003e-8
1.3207342977037382e-8
1.417612170839321e-8
1.5215320330276685e-8
1.6330027153450216e-8
1.752569680097578e-8
1.8808176519403825e-8
2.018373437702363e-8
2.1659089484381552e-8
2.3241444381959782e-8
2.4938519750280342e-8
2.6758591608816366e-8
2.8710531182008495e-8
3.0803847623445184e-8
3.3048733802949605e-8
3.545611537597066e-8
3.803770337038732e-8
4.080605054266069e-8
4.377461177331095e-8
4.695780879101791e-8
5.037109953536002e-8
5.4031052490389837e-8
5.795542634503391e-8
6.216325536177796e-8
6.667494086241423e-8
7.151234926887311e-8
7.669891716852833e-8
8.225976390695002e-8
8.822181224709275e-8
9.461391767246637e-8
1.0146700695319005e-7
1.0881422663811186e-7
1.1669110218365527e-7
1.2513570848089252e-7
1.3418885259686558e-7
1.4389426960456204e-7
1.542988324385276e-7
1.6545277678016936e-7
1.7740994204862506e-7
1.9022802965009736e-7
2.0396887972102465e-7
2.18698767688898e-7
2.3448872206921392e-7
2.514148650186056e-7
2.695587772729214e-7
2.890078892156119e-7
3.0985589994661416e-7
3.322032263558001e-7
3.5615748434840033e-7
3.8183400452351956e-7
4.0935638477143025e-7
4.388570824318249e-7
4.704780488441867e-7
5.043714093240684e-7
5.407001918160324e-7
5.796391077066738e-7
6.213753885302928e-7
6.661096825669009e-7
7.140570156182834e-7
7.654478205545476e-7
8.205290405520856e-7
8.795653112958796e-7
9.428402277964212e-7
1.010657701875518e-6
1.083343416808565e-6
1.1612463860747673e-6
1.24474062366427e-6
1.3342269339237117e-6
1.430134829492942e-6
1.5329245864971556e-6
1.6430894468144989e-6
1.7611579779412244e-6
1.887696601729442e-6
2.023312304078671e-6
2.168655538526761e-6
2.324423337611272e-6
2.4913626468648196e-6
2.6702738973706105e-6
2.8620148339437046e-6
3.0675046172234998e-6
3.287728219271078e-6
3.5237411336657334e-6
3.776674422596821e-6
4.047740125054927e-6
4.3382370519506065e-6
4.649556995835046e-6
4.983191384876415e-6
5.340738412864723e-6
5.723910679290501e-6
6.134543375975944e-6
6.5746030593446474e-6
7.046197050210975e-6
7.551583505962018e-6
8.093182213214007e-6
8.673586152459908e-6
9.295573889908192e-6
9.962122855655091e-6
0.00001067642357156077
0.000011441894896725631
0.000012262200363315625
0.000013141265680679581
0.000014083297491271352
0.00001509280346785224
0.00001617461384784057
0.00001733390450751807
0.00001857622168613798
0.000019907508477833353
0.000021334133217641128
0.000022862919896968507
0.000024501180753486836
0.00002625675119077863
0.000028138027194144828
0.000030154005420840903
0.0000323143261557243
0.0000346293193369059
0.000037110053870575666
0.00003976839046979084
0.00004261703826872846
0.00004566961548181675
0.00004894071439632863
0.000052445971007558725
0.00005620213962767952
0.00006022717282291888
0.00006454030705889342
0.00006916215446091669
0.00007411480112496915
0.00007942191244593865
0.00008510884596281573
0.00009120277225594833
0.00009773280446933517
0.0001047301370715001
0.00011222819451185654
0.0001202627904758951
0.00012887229849215117
0.0001380978346970248
0.00014798345362029096
0.00015857635791487006
0.00016992712301930948
0.00018208993781083693
0.0001951228623809747
0.00020908810414493295
0.00022405231358065987
0.00024008690098378297
0.00025726837572124107
0.00027567870956941176
0.0002954057258325495
0.0003165435160546046
0.00033919288626268573
0.0003634618348137781
0.0003894660640585599
0.00041732952818754885
0.0004471850197861618
0.0004791747977968618
0.000513451259769236
0.0005501776614728882
0.0005895288871543774
0.000631692273938382
0.0006768684941057102
0.0007252724992270345
0.0007771345303922921
0.0008327011990517439
0.0008922366432767648
0.0009560237645565464
0.001024365550572172
0.001097586489731901
0.001176034083611549
0.0012600804638220708
0.0013501241202224042
0.00144659174781015
0.0015499402200547425
0.00166065869688783
0.0017792708760319977
0.0019063373968320274
0.00204245840624992
0.002188276297195409
0.0023444786298840448
0.0025118012474437375
0.0026910315975228567
0.002883012272185514
0.0030886447789057075
0.003308893555986883
0.0035447902462276693
0.0037974382431206163
0.004068017524296073
0.00435778978729733
0.004668103903079022
0.0050004017028429885
0.005356224113942231
0.005737217660574175
0.006145141344819346
0.006581873923232374
0.0070494215936242645
0.007549926105845724
0.008085673309250547
0.008659102148029778
0.009272814113709003
0.009929583161722851
0.010632366096057558
0.011384313422397
0.01218878066593861
0.013049340144957447
0.013969793185192139
0.014954182753080036
0.01600680647766358
0.017132230021482463
0.018335300749825104
0.019621161635177544
0.020995265319435057
0.022463388240262436
0.024031644709762177
0.025706500813170937
0.02749478797252863
0.02940371599501708
0.03144088539787133
0.03361429877135699
0.035932370908289456
0.03840393739301283
0.04103826130479396
0.04384503765050304
0.04683439509960304
0.05001689455142587
0.05340352402116452
0.05700568928792999
0.060835199706748166
0.06490424854798674
0.06922538719411256
0.0738114924969903
0.07867572658149695
0.08383148837581014
0.08929235615834263
0.09507202043932611
0.10118420654501518
0.10764258634814021
0.1144606786932524
0.12165173820361377
0.12922863233042167
0.13720370671807897
0.14558863921253395
0.15439428313392115
0.16363050076858532
0.17330598840595066
0.1834280946471338
0.19400263413650876
0.205033699303757
0.21652347313822956
0.2284720464330053
0.24087724331332436
0.2537344591817279
0.26703651544731666
0.2807735355361658
0.29493284668201186
0.3094989118517313
0.324453295853634
0.33977466919920846
0.3554388526388723
0.37141890447669085
0.3876852518042943
0.4042058657067974
0.42094647931876644
0.4378708463899578
0.4549410368081162
0.47211776437281283
0.48936074107333616
0.5066290512455227
0.523881538310815
0.5410771963702588
0.5581755587588326
0.5751370757703844
0.5919234741348479
0.6084980914481009
0.6248261795890006