6.9527731095647e-29
7.623558425944358e-29
8.359059205198555e-29
9.165518993713876e-29
1.0049783693630711e-28
1.1019359675778697e-28
1.2082477499088735e-28
1.324816177736683e-28
1.4526307786493568e-28
1.5927765462331942e-28
1.7464431502356716e-28
1.9149350352809646e-28
2.09968249386056e-28
2.302253807591703e-28
2.5243685598037333e-28
2.7679122324554897e-28
3.034952211288142e-28
3.327755335071927e-28
3.648807137911059e-28
4.000832947942876e-28
4.386821021524135e-28
4.8100479092756045e-28
5.2741062692994945e-28
5.782935363657111e-28
6.340854496969227e-28
6.952599680975532e-28
7.623363836270289e-28
8.35884087245648e-28
9.165274020879979e-28
1.0049508830200951e-27
1.1019051274639236e-27
1.2082131468123978e-27
1.3247773525162907e-27
1.4525872161417066e-27
1.5927276684175419e-27
1.7463883085643968e-27
1.9148735020743514e-27
2.0996134526516082e-27
2.3021763422928868e-27
2.5242816425520034e-27
2.7678147099741727e-27
3.0348427895848696e-27
3.3276325622695096e-27
3.6486693849835234e-27
4.0006783871010994e-27
4.386647601964258e-27
4.809853329968506e-27
5.273887948460244e-27
5.782690404489426e-27
6.34057964923031e-27
6.952291297851497e-27
7.623017825989894e-27
8.358452644001278e-27
9.164838423070526e-27
1.0049020083351014e-26
1.101850289387111e-26
1.2081516177327677e-26
1.324708316045709e-26
1.4525097562832407e-26
1.5926407574121326e-26
1.7462907932547758e-26
1.9147640886052425e-26
2.099490689303214e-26
2.3020386002199572e-26
2.524127094172903e-26
2.7676413047232753e-26
3.0346482267065675e-26
3.327414260292923e-26
3.6484244474729177e-26
4.0004035642276665e-26
4.3863392473894137e-26
4.8095073524667295e-26
5.273499757639643e-26
5.782254849889939e-26
6.34009095199167e-26
6.951742974044298e-26
7.622402600592851e-26
8.357762354383332e-26
9.164063910697543e-26
1.00481510722803e-25
1.1017527854422006e-25
1.2080422173119696e-25
1.3245855676786408e-25
1.4523720314110084e-25
1.5924862287818798e-25
1.7461174106783594e-25
1.9145695517604572e-25
2.0992724172167842e-25
2.3017936970274755e-25
2.523852310701509e-25
2.7673329953875154e-25
3.0343023011456047e-25
3.32702612910764e-25
3.6479889613431137e-25
3.9999149456017505e-25
4.385791013840553e-25
4.808892230698767e-25
5.272809587002225e-25
5.781480474123012e-25
6.339222097763496e-25
6.950768114671952e-25
7.621308803137622e-25
8.356535108093029e-25
9.162686934520192e-25
1.004660609889636e-24
1.1015794387930675e-24
1.207847721716548e-24
1.3243673429520215e-24
1.4521271825939282e-24
1.5922115077407034e-24
1.745809173020787e-24
1.914223708495549e-24
2.0988843805182374e-24
2.3013583193808652e-24
2.5233638166285304e-24
2.766784904841642e-24
3.0336873435636487e-24
3.326336146976992e-24
3.6472148020062355e-24
3.999046339862986e-24
4.384816439765793e-24
4.807798760801408e-24
5.271582716789742e-24
5.780103929730289e-24
6.3376776201223285e-24
6.949035217355006e-24
7.619364500666033e-24
8.354353611105308e-24
9.160239307760858e-24
1.0043859877489738e-23
1.1012713146852388e-23
1.2075020088203842e-23
1.3239794559323497e-23
1.4516919767964092e-23
1.5917232109706877e-23
1.7452613090018016e-23
1.9136090109927414e-23
2.0981946969884014e-23
2.30058450287183e-23
2.5224956044950175e-23
2.765810782669918e-23
3.0325943925013275e-23
3.325109872444443e-23
3.645838941519265e-23
3.997502647419775e-23
4.3830844439404126e-23
4.805855493337953e-23
5.2694024081002365e-23
5.777657667260964e-23
6.334932965061026e-23
6.945955774600504e-23
7.615909436360882e-23
8.35047711133922e-23
9.155889971272377e-23
1.0038980034319561e-22
1.100723809392105e-22
1.206887723168593e-22
1.3232902452456426e-22
1.4509187031544316e-22
1.5908556220973024e-22
1.7442879023877405e-22
1.9125168814527198e-22
2.0969693656334697e-22
2.2992097252316584e-22
2.5209531552487386e-22
2.764080214134498e-22
3.030652763678992e-22
3.322931445040948e-22
3.6433948389075916e-22
3.994760472033349e-22
4.380007848029753e-22
4.802403697407397e-22
5.265529660648956e-22
5.773312638675836e-22
6.330058067637448e-22
6.94048639968992e-22
7.60977309854724e-22
8.343592488316615e-22
9.14816582671627e-22
1.0030314009496424e-21
1.0997515352044766e-21
1.2057968937082e-21
1.3220664064410168e-21
1.449545639025858e-21
1.5893151400312226e-21
1.7425595922490865e-21
1.9105778453486116e-21
2.094793914753739e-21
2.296769039756415e-21
2.5182149028251035e-21
2.7610081218770444e-21
3.0272061380342086e-21
3.3190646331672246e-21
3.639056624449419e-21
3.9898933973017694e-21
4.374547453628888e-21
4.796277669256505e-21
5.25865687312654e-21
5.765602081240341e-21
6.321407640740778e-21
6.930781564074196e-21
7.598885360079728e-21
8.331377698347092e-21
9.134462275506304e-21
1.0014940287539423e-20
1.0980267951033223e-20
1.2038619558843476e-20
1.3198956602281571e-20
1.447110354304795e-20
1.5865830874152218e-20
1.7394946170454313e-20
1.9071393896740196e-20
2.0909364814979606e-20
2.2924415913216828e-20
2.513360186710099e-20
2.7555619142097215e-20
3.0210963950772926e-20
3.312210539607982e-20
3.631367525926235e-20
3.981267603095788e-20
4.3648708937400034e-20
4.7854223881664506e-20
5.246479340402821e-20
5.751941296724945e-20
6.306083009366417e-20
6.913590512319774e-20
7.57960066268135e-20
8.309744480071133e-20
9.110194648520942e-20
9.987717580132856e-20
1.0949730478058761e-19
1.2004363878252052e-19
1.3160530195356607e-19
1.4427998848388918e-19
1.5817478596975156e-19
1.7340707779267635e-19
1.901055320879515e-19
2.0841118559945416e-19
2.284786315113512e-19
2.5047732121657725e-19
2.745929909341769e-19
3.010292251307705e-19
3.300091698438497e-19
3.617774102561349e-19
3.9660202824093884e-19
4.347768570997978e-19
4.766239523579699e-19
5.224962992843569e-19
5.727807797746276e-19
6.279014233965397e-19
6.883229697618129e-19
7.54554771979547e-19
8.271550737829035e-19
9.067356960272197e-19
9.939671716591888e-19
1.0895843719815263e-18
1.194392671115442e-18
1.3092747000289521e-18
1.4351977463874982e-18
1.5732218618362308e-18
1.7245087441831014e-18
1.8903314683671233e-18
2.0720851471191133e-18
2.2712986099099434e-18
2.4896471971970163e-18
2.7289667761905795e-18
2.9912690944448767e-18
3.2787585986136707e-18
3.59385085778836e-18
3.93919274405501e-18
4.317684537372696e-18
4.732504137706042e-18
5.187133584668686e-18
5.685388103888546e-18
6.231447920049078e-18
6.8298930992516346e-18
7.485741708174642e-18
8.204491604667197e-18
8.99216620413108e-18
9.85536459855128e-18
1.0801316440594278e-17
1.1837942044084204e-17
1.2973918194710019e-17
1.4218750211337762e-17
1.5582850849185666e-17
1.707762669175957e-17
1.87155727392895e-17
2.0510375967937393e-17
2.2477028706783342e-17
2.463195275912836e-17
2.6993135281583677e-17
2.95802775294664e-17
3.2414957680896024e-17
3.552080906554293e-17
3.892371524807699e-17
4.2652023551990366e-17
4.6736778757674344e-17
5.12119788705857e-17
5.611485503226818e-17
6.148617784033858e-17
6.73705925547163e-17
7.38169858980945e-17
8.087888741063204e-17
8.861490859406464e-17
9.708922338100142e-17
1.0637209379340215e-16
1.1654044501259164e-16
1.2767849447449687e-16
1.3987844003092877e-16
1.5324121268407673e-16
1.6787729991035177e-16
1.8390764614523414e-16
2.0146463760700847e-16
2.2069317929878269e-16
2.417518727499818e-16
2.648143038458813e-16
2.900704509528101e-16
3.1772822448347997e-16
3.480151500688149e-16
3.811802086169189e-16
4.1749584775488144e-16
4.572601804737972e-16
5.007993882415493e-16
5.484703474218584e-16
6.006634995538564e-16
6.578059879157529e-16
7.203650848333858e-16
7.888519364136702e-16
8.638256538005771e-16
9.458977826844225e-16
1.0357371856631242e-15
1.1340753751764275e-15
1.2417123381343475e-15
1.3595228970617242e-15
1.4884636566095861e-15
1.6295805886680423e-15
1.7840173140861297e-15
1.953024144194469e-15
2.1379679509727707e-15
2.3403429408458273e-15
2.56178241376966e-15
2.8040715965322467e-15
3.0691616470873158e-15
3.3591849353220854e-15
3.67647171498626e-15
4.023568311644684e-15
4.403256962527157e-15
4.818577456110958e-15
5.2728507322617916e-15
5.769704617868499e-15
6.3131018882221e-15
6.907370861019209e-15
7.557238747916153e-15
8.267868008144827e-15
9.044895969949583e-15
9.894478008656112e-15
1.0823334595180936e-14
1.1838802555903866e-14
1.2948890914214848e-14
1.4162341715911516e-14
1.5488696275153374e-14
1.6938367315098282e-14
1.8522717517885022e-14
2.0254145042536283e-14
2.2146176616914847e-14
2.4213568861350388e-14
2.6472418557306715e-14
2.894028263478428e-14
3.163630871745051e-14
3.458137713512859e-14
3.77982553896917e-14
4.131176614305257e-14
4.514896988531138e-14
4.933936353772528e-14
5.391509634961218e-14
5.891120456113873e-14
6.436586642589835e-14
7.032067931890495e-14
7.682096079790981e-14
8.391607563958082e-14
9.165979103797656e-14
1.0011066233177972e-13
1.0933245182003454e-13
1.1939458343462434e-13
1.3037263626271846e-13
1.4234888015506253e-13
1.5541285691769316e-13
1.696620108668357e-13
1.8520237283094946e-13
2.0214930201181112e-13
2.206282904698587e-13
2.407758353798553e-13
2.6274038461307814e-13
2.866833616441487e-13
3.1278027625647565e-13
3.4122192803270523e-13
3.722157101682502e-13
4.0598702173989806e-13
4.42780797200581e-13
4.828631625593922e-13
5.265232284459254e-13
5.740750310543575e-13
6.258596328192083e-13
6.822473955958808e-13
7.436404401099202e-13
8.104753065039956e-13
8.832258319571139e-13
9.624062625816243e-13
1.0485746181271525e-12
1.142336329442758e-12
1.2443481701773165e-12
1.3553225058405193e-12
1.4760318851115542e-12
1.6073140001786107e-12
1.750077044928615e-12
1.9053055019945606e-12
2.0740663920170267e-12
2.2575160210001463e-12
2.4569072643515258e-12
2.6735974291057158e-12
2.9090567389545485e-12
3.1648774900623352e-12
3.4427839292441872e-12
3.744642909951925e-12
4.072475385661112e-12
4.428468804707247e-12
4.814990475398894e-12
5.2346019753671655e-12
5.690074684616696e-12
6.184406527653507e-12
6.720840016405229e-12
7.302881692455367e-12
7.93432307441378e-12
8.619263224081857e-12
9.362133053475032e-12
1.0167721503786617e-11
1.1041203737051927e-11
1.19881714916548e-11
1.3014665763953777e-11
1.4127211990255591e-11
1.5332857916179503e-11
1.6639214354205477e-11
1.8054499044950162e-11
1.958758385353215e-11
2.1248045549361758e-11
2.3046220435890323e-11
2.4993263116381768e-11
2.710120970270538e-11
2.9383045796613885e-11
3.185277959705683e-11
3.4525520512919526e-11
3.741756368828076e-11
4.0546480877005315e-11
4.393121813535164e-11
4.7592200835459764e-11
5.155144653922648e-11
5.583268631139071e-11
6.046149509279278e-11
6.546543179997963e-11
7.087418986578391e-11
7.671975898748784e-11
8.303659890490507e-11
8.986182609047921e-11
9.723541429755795e-11
1.0520040998171882e-10
1.1380316368368002e-10
1.2309357854130696e-10
1.33125377182928e-10
1.439563883449361e-10
1.556488546540322e-10
1.6826976311880172e-10
1.818911999872423e-10
1.9659073174678205e-10
2.124518141719696e-10
2.2956423146286458e-10
2.4802456766500456e-10
2.679367127202249e-10
2.8941240566753744e-10
3.125718176953279e-10
3.375441779413908e-10
3.644684451465233e-10
3.9349402849178346e-10
4.247815611899277e-10
4.585037306593676e-10
4.948461693852068e-10
5.340084108681652e-10
5.762049153796056e-10
6.216661705812466e-10
6.706398724327757e-10
7.233921922016624e-10
7.802091358084481e-10
8.413980021899591e-10
9.072889478444067e-10
9.782366652381662e-10
1.0546221833072859e-9
1.1368547988793888e-9
1.2253741484771315e-9
1.3206524306451203e-9
1.4231967896721887e-9
1.5335518723629825e-9
1.6523025703513318e-9
1.780076961346036e-9
1.9175494636629666e-9
2.0654442194290887e-9
2.2245387229504055e-9
2.395667711920688e-9
2.5797273404186786e-9
2.7776796540025472e-9
2.990557388669828e-9
3.219469117014194e-9
3.4656047665866963e-9
3.730241537264572e-9
4.014750246355764e-9
4.320602132229109e-9
4.649376149471199e-9
5.002766790939152e-9
5.382592474616944e-9
5.79080453590375e-9
6.229496868876943e-9
6.700916263197346e-9
7.207473486671305e-9
7.75175516707256e-9
8.336536530670218e-9
8.964795059029965e-9
9.639725130069818e-9
1.0364753714083574e-8
1.1143557200513376e-8
1.1980079436687221e-8
1.287855106555757e-8
1.384351025571754e-8
1.4879824923653559e-8
1.5992716555360406e-8
1.718778574211809e-8
1.847103955345936e-8
1.9848920879167884e-8
2.1328339881596593e-8
2.2916707709714714e-8
2.462197263714221e-8
2.6452658798048088e-8
2.841790770724886e-8
3.052752276418638e-8
3.279201695476553e-8
3.5222663980360326e-8
3.7831553059712306e-8
4.0631647667047776e-8
4.36368484885914e-8
4.686206089986429e-8
5.032326728779772e-8
5.4037604564902085e-8
5.802344724758459e-8
6.230049649735581e-8
6.68898755522002e-8
7.181423200598543e-8
7.709784742655116e-8
8.276675483825362e-8
8.884886463235926e-8
9.537409950902731e-8
1.023745390978195e-7
1.098845749499969e-7
1.1794107664546238e-7
1.265835698103964e-7
1.358544268985907e-7
1.457990716505541e-7
1.564661982098549e-7
1.679080059462906e-7
1.801804511105749e-7
1.933435165257166e-7
2.0746150060653705e-7
2.226033270911513e-7
2.388428769673092e-7
2.562593441825733e-7
2.7493761684106383e-7
2.949686857112825e-7
3.1645008200015277e-7
3.3948634648826347e-7
3.641895322712728e-7
3.906797435129935e-7
4.1908571278788446e-7
4.495454197750609e-7
4.822067542636397e-7
5.172282266409351e-7
5.547797292620382e-7
5.950433523424109e-7
6.382142582757693e-7
6.8450161855863e-7
7.341296178021787e-7
7.873385296326176e-7
8.44385869624763e-7
9.055476307816107e-7
9.711196074671427e-7
1.0414188141222262e-6
1.1167850055462625e-6
1.1975823060126786e-6
1.2842009550060564e-6
1.3770591779261204e-6
1.476605190700584e-6
1.5833193478888227e-6
1.6977164445434563e-6
1.8203481828317534e-6
1.9518058152054823e-6
2.0927229767514497e-6
2.2437787202581315e-6
2.4057007685024175e-6
2.5792689992976126e-6
2.7653191799557596e-6
2.964746969008031e-6
3.1785122043035664e-6
3.4076434979743013e-6
3.6532431602189503e-6
3.916492475428709e-6
4.198657355860019e-6
4.501094399861628e-6
4.825257383595031e-6
5.172704217255772e-6
5.545104399021003e-6
5.944247002323482e-6
6.3720492345982905e-6
6.830565608374355e-6
7.321997768505822e-6
7.848705022468284e-6
8.413215623998575e-6
9.018238863951712e-6
9.666678026096558e-6
0.000010361644269698822
0.000011106471505157609
0.000011904732333698371
0.000012760255127195017
0.00001367714232963105
0.00001465979006752912
0.000015712909162918213
0.00001684154764908606
0.00001805111489652537
0.000019347407464148508
0.000020736636799061344
0.000022225458916983457
0.00002382100620483056
0.000025530921497068645
0.000027363394588267465
0.00002932720135586007
0.000031431745679526736
0.000033687104356906794
0.00003610407522957844
0.00003869422874848331
0.00004146996322430224
0.000044444564025766945
0.000047632267007611124
0.00005104832646991546
0.000054709087972055314
0.00005863206634745008
0.00006283602928990944
0.00006734108690872188
0.00007216878767781558
0.00007734222123451762
0.00008288612851573507
0.00008882701975396846
0.00009519330089255735
0.0001020154090191683
0.00010932595745888958
0.00011715989121363866
0.0001255546534830537
0.00013455036405392304
0.00014419001040065464
0.00015451965239861277
0.00016558864161553386
0.00017744985621404234
0.00019015995257071008
0.00020377963479454244
0.0002183739434104445
0.0002340125645615988
0.00025077016117900047
0.0002687267276671118
0.0002879679697621208
0.00030858571133393864
0.0003306783300254618
0.0003543512237530404
0.0003797173102311948
0.0004068975618327053
0.00043602157825305886
0.0004672281996161429
0.0005006661628368446
0.0005364948042461695
0.0005748848116865278
0.0006160190294992592
0.0006600933200541844
0.0007073174857122625
0.0007579162553683353
0.0008121303399916368
0.000870217561868213
0.0009324540625517867
0.0009991355948489502
0.0010705789045007811
0.0011471232075770587
0.0012291317699708274
0.001316993595771093
0.0014111252316993822
0.0015119726952218687
0.001620013534392766
0.001735759027945361
0.0018597565346246605
0.001992592001247838
0.0021348926394849544
0.002287329781869431
0.002450621928074375
0.0026255379930221335
0.002812900768927815
0.003013590613906286
0.003228549380292227
0.0034587845963250825
0.003705373915328183
0.003969469846952075
0.004252304785446199
0.004555196350254408
0.004879553054483973
0.00522688031695348
0.005598786833563176
0.005996991323623655
0.006423329666499032
0.006879762443432215
0.007368382898689152
0.007891425333138346
0.008451273942025479
0.009050472106956024
0.009691732149895523
0.010377945554274983
0.011112193654963552
0.011897758794863569
0.01273813594109204
0.013637044748043878
0.014598442047962647
0.01562653474186186
0.016725793054602086
0.017900964107508736
0.01915708574995382
0.02049950057767917
0.021933870050142388
0.023466188601676076
0.025102797621599563
0.026850399156480784
0.028716069163371088
0.03070727011594353
0.03283186273596814
0.03509811659045177
0.03751471926007808
0.04009078374744312
0.04283585375419458
0.04575990641489305
0.0488733520327127
0.05218703031861865
0.055712202592292016
0.05946053936087268
0.06344410265193645
0.06767532244162042
0.07216696648944645
0.07693210287040567
0.08198405448490675
0.087336344831158
0.09300263434573992
0.09899664665997993
0.10533208418597886
0.11202253254044699
0.11908135344058582
0.1265215658674044
0.1343557154909789
0.14259573259121802
0.15125277898767198
0.16033708481215958
0.16985777631614044
0.17982269629611924
0.19023821913786612
0.20110906291382818
0.2124381014049581
0.22422617934247413
0.2364719345581665
0.24917163107304746
0.2623190074208156
0.2759051446718063
0.28991835867222876
0.30434412092225754
0.31916501226808647
0.33436071316609806
0.349908033687263
0.3657809856707936
0.38195089852093045
0.3983865790925529
0.4150545149623484
0.43191911917367204
0.4489430133225849
0.46608734467226526
0.4833121318965274
0.5005766331125447
0.5178397291143578
0.5350603142005371
0.5521976867280946
0.569211931534265
0.5860642866473914
0.6027174872434277
0.6191360805676741
0.6352867064937818
0.6511383394866542
0.6666624889207259
0.68183335592652