6.952773109565371e-29
7.623558425945125e-29
8.359059205199432e-29
9.16551899371489e-29
1.0049783693631874e-28
1.1019359675780031e-28
1.2082477499090269e-28
1.3248161777368592e-28
1.4526307786495589e-28
1.5927765462334263e-28
1.7464431502359378e-28
1.9149350352812706e-28
2.099682493860911e-28
2.3022538075921068e-28
2.5243685598041956e-28
2.7679122324560206e-28
3.0349522112887514e-28
3.3277553350726283e-28
3.6488071379118633e-28
4.0008329479437997e-28
4.386821021525196e-28
4.8100479092768215e-28
5.274106269300892e-28
5.7829353636587145e-28
6.34085449697107e-28
6.952599680977647e-28
7.623363836272719e-28
8.358840872459269e-28
9.16527402088318e-28
1.0049508830204628e-27
1.1019051274643458e-27
1.2082131468128825e-27
1.3247773525168472e-27
1.4525872161423453e-27
1.5927276684182753e-27
1.746388308565239e-27
1.9148735020753186e-27
2.099613452652718e-27
2.3021763422941614e-27
2.524281642553467e-27
2.7678147099758537e-27
3.034842789586799e-27
3.3276325622717244e-27
3.6486693849860654e-27
4.0006783871040195e-27
4.3866476019676095e-27
4.8098533299723555e-27
5.273887948464664e-27
5.782690404494501e-27
6.340579649236136e-27
6.952291297858189e-27
7.623017825997575e-27
8.358452644010094e-27
9.164838423080651e-27
1.0049020083362637e-26
1.1018502893884458e-26
1.2081516177342996e-26
1.3247083160474685e-26
1.4525097562852605e-26
1.592640757414452e-26
1.7462907932574385e-26
1.9147640886082998e-26
2.0994906893067242e-26
2.302038600223988e-26
2.5241270941775304e-26
2.767641304728588e-26
3.0346482267126677e-26
3.327414260299927e-26
3.648424447480959e-26
4.0004035642369e-26
4.3863392474000155e-26
4.8095073524789006e-26
5.273499757653618e-26
5.782254849905983e-26
6.34009095201009e-26
6.951742974065448e-26
7.622402600617133e-26
8.357762354411213e-26
9.164063910729557e-26
1.0048151072317052e-25
1.1017527854464205e-25
1.208042217316814e-25
1.3245855676842035e-25
1.4523720314173954e-25
1.5924862287892127e-25
1.7461174106867787e-25
1.9145695517701238e-25
2.099272417227882e-25
2.301793697040218e-25
2.5238523107161382e-25
2.7673329954043135e-25
3.03430230116489e-25
3.3270261291297822e-25
3.6479889613685365e-25
3.9999149456309404e-25
4.385791013874065e-25
4.808892230737245e-25
5.272809587046402e-25
5.781480474173737e-25
6.339222097821733e-25
6.950768114738816e-25
7.621308803214389e-25
8.35653510818117e-25
9.162686934621387e-25
1.0046606099012545e-24
1.1015794388064075e-24
1.207847721731864e-24
1.3243673429696062e-24
1.452127182614118e-24
1.5922115077638842e-24
1.7458091730474014e-24
1.9142237085261054e-24
2.0988843805533204e-24
2.3013583194211454e-24
2.523363816674776e-24
2.7667849048947385e-24
3.033687343624611e-24
3.326336147046984e-24
3.6472148020865945e-24
3.99904633995525e-24
4.384816439871723e-24
4.80779876092303e-24
5.271582716929378e-24
5.780103929890611e-24
6.337677620306395e-24
6.949035217566338e-24
7.619364500908668e-24
8.354353611383885e-24
9.160239308080698e-24
1.004385987785695e-23
1.1012713147273993e-23
1.2075020088687897e-23
1.3239794559879247e-23
1.451691976860216e-23
1.591723211043945e-23
1.7452613090859096e-23
1.913609011089307e-23
2.0981946970992696e-23
2.3005845029991194e-23
2.5224956046411605e-23
2.7658107828377056e-23
3.032594392693967e-23
3.3251098726656145e-23
3.6458389417731934e-23
3.997502647711313e-23
4.3830844442751287e-23
4.805855493722243e-23
5.2694024085414407e-23
5.777657667767512e-23
6.334932965642594e-23
6.945955775268203e-23
7.615909437127465e-23
8.350477112219334e-23
9.155889972282836e-23
1.003898003547966e-22
1.1007238095252957e-22
1.206887723321508e-22
1.3232902454212032e-22
1.4509187033559905e-22
1.5908556223287102e-22
1.7442879026534163e-22
1.912516881757739e-22
2.0969693659836573e-22
2.299209725633703e-22
2.520953155710317e-22
2.7640802146644274e-22
3.0306527642873914e-22
3.322931445739437e-22
3.6433948397095077e-22
3.994760472954006e-22
4.38000784908673e-22
4.8024036986208785e-22
5.265529662042114e-22
5.7733126402752705e-22
6.330058069473696e-22
6.940486401798041e-22
7.609773100967485e-22
8.343592491095189e-22
9.148165829906217e-22
1.0030314013158642e-21
1.0997515356249172e-21
1.205796894190885e-21
1.32206640699516e-21
1.4495456396620364e-21
1.5893151407615793e-21
1.742559593087562e-21
1.9105778463112087e-21
2.094793915858828e-21
2.296769041025087e-21
2.518214904281569e-21
2.7610081235490954e-21
3.027206139953754e-21
3.3190646353708887e-21
3.639056626979251e-21
3.989893400206036e-21
4.374547456962997e-21
4.796277673084065e-21
5.2586568775205684e-21
5.765602086284659e-21
6.3214076465316026e-21
6.930781570721984e-21
7.598885367711271e-21
8.331377707107933e-21
9.13446228556352e-21
1.001494029908481e-20
1.098026796428693e-20
1.2038619574058216e-20
1.3198956619747434e-20
1.4471103563097924e-20
1.586583089716854e-20
1.739494619687573e-20
1.907139392707034e-20
2.0909364849796568e-20
2.292441595318418e-20
2.5133601912980412e-20
2.755561919476298e-20
3.021096401122855e-20
3.3122105465477186e-20
3.631367533892358e-20
3.981267612240056e-20
4.364870904236597e-20
4.785422400215301e-20
5.2464793542334015e-20
5.751941312600642e-20
6.306083027589534e-20
6.913590533237282e-20
7.579600686691484e-20
8.309744507630964e-20
9.110194680155059e-20
9.987717616443351e-20
1.0949730519736646e-19
1.200436392609041e-19
1.3160530250265645e-19
1.4427998911413259e-19
1.5817478669313677e-19
1.7340707862296235e-19
1.9010553304092873e-19
2.0841118669324411e-19
2.284786327667504e-19
2.5047732265745206e-19
2.745929925879161e-19
3.01029227028805e-19
3.300091720222484e-19
3.617774127562889e-19
3.966020311103461e-19
4.347768603929633e-19
4.766239561374385e-19
5.224963036218987e-19
5.727807847525972e-19
6.279014291094363e-19
6.883229763180693e-19
7.545547795035824e-19
8.271550824174781e-19
9.067357059361365e-19
9.93967183030392e-19
1.0895843850306558e-18
1.194392686089911e-18
1.309274717212624e-18
1.4351977661060499e-18
1.5732218844633083e-18
1.7245087701473755e-18
1.890331498160383e-18
2.0720851813055523e-18
2.2712986491368057e-18
2.4896472422068052e-18
2.7289668278350662e-18
2.9912691537011547e-18
3.278758666602575e-18
3.593850935795587e-18
3.9391928335553296e-18
4.317684640057724e-18
4.732504255516081e-18
5.187133719829231e-18
5.685388258952143e-18
6.231448097943315e-18
6.8298933033341686e-18
7.485741942296274e-18
8.204491873244185e-18
8.992166512228049e-18
9.855364951976234e-18
1.0801316846007554e-17
1.1837942509123322e-17
1.2973918728132792e-17
1.4218750823186342e-17
1.5582851550974542e-17
1.7077627496691028e-17
1.871557366250053e-17
2.0510377026782674e-17
2.247702992115948e-17
2.4631954151845442e-17
2.699313687879097e-17
2.958027936114018e-17
3.241495978139837e-17
3.5520811474262004e-17
3.89237180101605e-17
4.265202671918577e-17
4.6736782389291275e-17
5.121198303459839e-17
5.611485980657809e-17
6.148618331422048e-17
6.737059883047443e-17
7.381699309295905e-17
8.087889565893085e-17
8.861491804970993e-17
9.7089234220337e-17
1.0637210621846289e-16
1.165404592548355e-16
1.2767851079907661e-16
1.3987845874158216e-16
1.532412341287232e-16
1.6787732448749876e-16
1.8390767431130795e-16
2.0146466988474382e-16
2.2069321628682273e-16
2.4175191513386224e-16
2.648143524105971e-16
2.900705065971926e-16
3.1772828823664305e-16
3.4801522310896646e-16
3.8118029229287664e-16
4.174959436106795e-16
4.572602902768248e-16
5.007995140147261e-16
5.484704914804227e-16
6.006636645474225e-16
6.578061768763897e-16
7.203653012305714e-16
7.888521842171028e-16
8.638259375519549e-16
9.458981075794683e-16
1.035737557645304e-15
1.1340758010440237e-15
1.2417128256627744e-15
1.3595234551432378e-15
1.4884642954128491e-15
1.6295813198203447e-15
1.784018150881455e-15
1.953025101831049e-15
2.1379690468242733e-15
2.3403441947708987e-15
2.5617838484652124e-15
2.8040732379366117e-15
3.06916352484025e-15
3.359187083289581e-15
3.676474171859194e-15
4.023571121621631e-15
4.403260176093061e-15
4.818581130925013e-15
5.27285493416971e-15
5.769709422056407e-15
6.313107380531698e-15
6.907377139446498e-15
7.557245924319104e-15
8.267876210188787e-15
9.044905343323218e-15
9.89448871959504e-15
1.0823346833341353e-14
1.183881653763412e-14
1.2948906886279483e-14
1.416235995972959e-14
1.5488717111621233e-14
1.6938391110076453e-14
1.8522744688439475e-14
2.0254176064036524e-14
2.2146212031104955e-14
2.4213609285524587e-14
2.6472464694738696e-14
2.894033528657916e-14
3.163636879601091e-14
3.4581445679451516e-14
3.77983335827416e-14
4.1311855331488336e-14
4.5149071601881274e-14
4.9339479526685495e-14
5.3915228595570855e-14
5.891135532177975e-14
6.436603826909883e-14
7.032087516482656e-14
7.682118396671957e-14
8.391632990554202e-14
9.166008069074551e-14
1.0011099224585167e-13
1.0933282753340388e-13
1.1939501123785928e-13
1.3037312329980453e-13
1.42349434537542e-13
1.5541348785381963e-13
1.6966272880768347e-13
1.852031896356597e-13
2.0215023113443353e-13
2.206293471705548e-13
2.407770369635772e-13
2.627417506992241e-13
2.8668491447113354e-13
3.127820410256437e-13
3.412239332965591e-13
3.7221798826858514e-13
4.059896093021182e-13
4.427837356912434e-13
4.828664989148869e-13
5.265270157811627e-13
5.740793294614143e-13
6.258645102670882e-13
6.822529289438907e-13
7.436467162486716e-13
8.10482423639723e-13
8.832339010568721e-13
9.624154089990268e-13
1.0485849834306499e-12
1.1423480734710564e-12
1.2443614733494439e-12
1.3553375717512885e-12
1.4760489434467662e-12
1.6073333099883691e-12
1.7500988983015875e-12
1.905330228180997e-12
2.074094362053875e-12
2.2575476528977717e-12
2.4569430289083577e-12
2.673637856424771e-12
2.909102425744199e-12
3.16492910781309e-12
3.4428422333836334e-12
3.74470875009156e-12
4.0725497170615665e-12
4.428552701102649e-12
4.815085143336842e-12
5.2347087702382404e-12
5.690195128566794e-12
6.1845423295936594e-12
6.720993094357315e-12
7.303054198498336e-12
7.934517422524067e-12
8.61948212119373e-12
9.3623795341222e-12
1.0167998968725575e-11
1.1041515996310982e-11
1.1988522812500593e-11
1.3015060924320006e-11
1.41276563382371e-11
1.5333357436259413e-11
1.663977574095409e-11
1.805512978501299e-11
1.9588292316810885e-11
2.124884109038739e-11
2.3047113506493e-11
2.4994265390877658e-11
2.710233421694855e-11
2.938430710240191e-11
3.185419393353344e-11
3.452710599678836e-11
3.7419340524831253e-11
4.054847159415866e-11
4.3933447843161235e-11
4.759469751375011e-11
5.155424135632908e-11
5.58358139772365e-11
6.04649942499522e-11
6.546934545660547e-11
7.087856587481091e-11
7.672465057688326e-11
8.30420652642445e-11
8.986793301965206e-11
9.724223492398634e-11
1.0520802555311033e-10
1.1381166444403293e-10
1.2310306469865164e-10
1.3313595997812765e-10
1.439681912317897e-10
1.556620146019301e-10
1.6828443205028926e-10
1.819075463640552e-10
1.966089423192431e-10
2.1247209590808538e-10
2.295868136750494e-10
2.480497043540945e-10
2.6796468515834786e-10
2.894435252434833e-10
3.126064290483374e-10
3.375826624117688e-10
3.645112245742019e-10
3.935415693969314e-10
4.2483437937295004e-10
4.585623962611894e-10
4.94911312452609e-10
5.340807274731733e-10
5.762851743465579e-10
6.217552208802082e-10
6.707386513034764e-10
7.235017340781421e-10
7.803305821211523e-10
8.415326121291758e-10
9.074381101767306e-10
9.784019112761867e-10
1.0548052011419494e-9
1.1370574489945994e-9
1.2255984808771434e-9
1.3209007036372747e-9
1.4234714904605957e-9
1.5338557396229621e-9
1.6526386189699118e-9
1.7804485095306341e-9
1.9179601626387204e-9
2.0658980859652343e-9
2.2250401749777832e-9
2.3962216075260427e-9
2.580339020527062e-9
2.778354989086974e-9
2.9913028298576507e-9
3.220291751992525e-9
3.4665123807449648e-9
3.731242680551085e-9
4.0158543063672816e-9
4.321819414098169e-9
4.650717963165523e-9
5.004245546641343e-9
5.384221786911006e-9
5.792599337558357e-9
6.231473535083961e-9
6.703092747198531e-9
7.209869467786742e-9
7.754392212231722e-9
8.339438270641099e-9
8.96798738064423e-9
9.643236385852717e-9
1.0368614950817404e-8
1.1147802408393143e-8
1.198474582086755e-8
1.2883679342041834e-8
1.384914497370442e-8
1.4886014816633705e-8
1.59995149234478e-8
1.719525086830777e-8
1.847923515672725e-8
1.9857916607569925e-8
2.1338211848785528e-8
2.2927539078574324e-8
2.46338542545427e-8
2.646568988505424e-8
2.8432196609465798e-8
3.054318776730913e-8
3.280918717080927e-8
3.5241480310490957e-8
3.7852169240073885e-8
4.0654231404497115e-8
4.366158269380315e-8
4.688914502586566e-8
5.035291878263263e-8
5.4070060447814216e-8
5.8058965818851125e-8
6.233935919270109e-8
6.693238895357697e-8
7.18607300214333e-8
7.714869365283369e-8
8.282234512104015e-8
8.890962983986232e-8
9.544050853623504e-8
1.0244710211978265e-7
1.0996384694404658e-7
1.180276612037554e-7
1.2667812326581722e-7
1.3595766278879006e-7
1.4591176554678233e-7
1.565891929392632e-7
1.680422172385331e-7
1.8032687370186065e-7
1.9350323075594426e-7
2.0763567954780463e-7
2.2279324424878616e-7
2.390499145976185e-7
2.5648500227478894e-7
2.7518352281446127e-7
2.9523660488220896e-7
3.1674192887772335e-7
3.39804196961788e-7
3.6453563675708817e-7
3.910565411333143e-7
4.194958466595669e-7
4.499917534918335e-7
4.826923896614088e-7
5.177565229422518e-7
5.55354323702752e-7
5.956681823909543e-7
6.388935855634625e-7
6.852400546478942e-7
7.349321519286418e-7
7.882105585668293e-7
8.453332298096519e-7
9.065766329129616e-7
9.722370736962982e-7
1.042632118072977e-6
1.1181021153515569e-6
1.1990118305913823e-6
1.2857521938156567e-6
1.3787421744439894e-6
1.478430789904347e-6
1.5852992580255513e-6
1.6998633034979294e-6
1.8226756294260154e-6
1.9543285657854374e-6
2.0954569074414255e-6
2.246740955291305e-6
2.408909775063864e-6
2.582744689347657e-6
2.769083019534404e-6
2.968822095556689e-6
3.1829235525783015e-6
3.4124179351654222e-6
3.658409630935384e-6
3.922082157252212e-6
4.204703826224276e-6
4.507633815064819e-6
4.832328670811819e-6
5.180349280476099e-6
5.553368339908942e-6
5.9531783570599295e-6
6.381700227846897e-6
6.840992425591056e-6
7.333260847899194e-6
7.860869368010885e-6
8.426351140989199e-6
9.032420718735211e-6
9.68198703166243e-6
0.000010378167299002406
0.000011124301934139192
0.000011923970516116398
0.000012781008903540606
0.000013699527572552744
0.000014683931266370303
0.000015738940050155286
0.000016869611871654716
0.00001808136673523561
0.000019380012604617586
0.000020771773157838965
0.000022263317526805915
0.000023861792163221752
0.000025574854982807327
0.000027410711950562744
0.00002937815628142318
0.000031486610443097516
0.000033746171161190186
0.00003616765764097158
0.00003876266323542898
0.00004154361080559221
0.000044523812036641366
0.000047717530992059036
0.00005114005220818112
0.00005480775365299613
0.000058738184896078956
0.00006295015086118971
0.00006746380155947053
0.00007230072822941279
0.00007748406634002345
0.00008303860594597935
0.0000889909099182134
0.00009536944061043865
0.00010220469556180348
0.00010952935287830866
0.0001173784269810468
0.00012578943545788377
0.0001348025778071866
0.00014446092691775564
0.0001548106341885611
0.0001659011492553893
0.00017778545535944413
0.0001905203214655112
0.00020416657231487882
0.00021878937768103908
0.00023445856218473808
0.000251248937119436
0.0002692406558391464
0.00028851959436834604
0.00030917775900851256
0.0003313137228384662
0.0003550330931363454
0.0003804490118904095
0.00040768269171420456
0.000436863989639784
0.00046813202143087645
0.0005016358192369851
0.0005375350355996891
0.0005760006970248133
0.000617216010548915
0.0006613772269566527
0.0007086945645472959
0.0007593931976049563
0.0008137143139982699
0.000871916246622177
0.000934275683697315
0.001001088963262373
0.001072673457531476
0.0011493690531432575
0.0012315397337003687
0.0013195752713887382
0.0014138930348743613
0.001514939921101889
0.0016231944190637966
0.0017391688140700578
0.0018634115415263207
0.0019965096997212
0.00213909173162996
0.0022918302862591495
0.0024554452705836042
0.002630707103658571
0.0028184401850230825
0.003019526590039272
0.003234910005332
0.00346559991799484
0.003712676072705008
0.003977293211329397
0.004260686109996399
0.00456417492893754
0.004889170890654585
0.005237182302120443
0.0056098209367565054
0.006008808791816872
0.006435985236524651
0.006893314565810513
0.007382893973765245
0.007906961959888494
0.008467907179848926
0.00906827775071191
0.009710791018373506
0.010398343792201208
0.011134023048538017
0.011921117100698209
0.012763127228268197
0.01366377975283005
0.01462703854052503
0.015657117904057816
0.01675849586766603
0.017935927748117246
0.0191944599927872
0.020539444202176592
0.02197655124867138
0.023511785385801308
0.025151498222535353
0.02690240241514301
0.028771584904703773
0.03076651950138086
0.03289507858700237
0.03516554367531236
0.03758661453448848
0.040167416539315194
0.04291750588095317
0.04584687222090766
0.0489659383330651
0.05228555623417681
0.05581699925982006
0.05957194950071811
0.06356247997474374
0.067801030874575
0.0723003792018171
0.07707360107769617
0.0821340260108305
0.0874951824070012
0.0931707336275779
0.09917440394576081
0.1055198938167973
0.11222078397350432
0.11929042798547534
0.12674183308256026
0.13458752924345782
0.14283942679048614
0.15150866301275287
0.16060543866132035
0.17013884551914932
0.18011668664083363
0.19054529127525324
0.20142932691815452
0.21277161137839187
0.2245729281652272
0.23683184889598685
0.24954456676273284
0.2627047453607861
0.2763033873479894
0.29032872744894556
0.30476615422291015
0.3195981647608265
0.3348043560550647
0.3503614561904108
0.36624339774102604
0.38242143483874397
0.3988643043264735
0.4155384302591864
0.43240816980531516
0.449436097381161
0.46658332267257074
0.4838098371151774
0.5010748824687896
0.5183373343791539
0.5355560933092033
0.5526904749683219
0.5697005923855469
0.5865477220598974
0.6031946471633225
0.6196059715409123
0.6357483992102356
0.6515909751596166
0.6671052844318159
0.6822656077012789