0.4409934868362916
0.44099315760960045
0.4409928207147438
0.44099247597313096
0.4409921232020124
0.4409917622143835
0.44099139281888455
0.44099101481970004
0.4409906280164546
0.44099023220410677
0.4409898271728408
0.44098941270795516
0.440988988589749
0.44098855459340564
0.4409881104888733
0.44098765604074397
0.4409871910081278
0.44098671514452625
0.44098622819770095
0.4409857299095408
0.4409852200159246
0.4409846982465814
0.4409841643249477
0.4409836179680203
0.4409830588862072
0.4409824867831739
0.44098190135568643
0.4409813022934506
0.4409806892789484
0.44098006198726925
0.4409794200859378
0.44097876323473917
0.44097809108553687
0.44097740328209045
0.44097669945986556
0.4409759792458418
0.4409752422583147
0.44097448810669393
0.44097371639129657
0.44097292670313565
0.4409721186237034
0.44097129172475047
0.44097044556805826
0.44096957970520734
0.4409686936773414
0.4409677870149224
0.44096685923748385
0.4409659098533756
0.4409649383595041
0.44096394424106666
0.44096292697127787
0.4409618860110924
0.44096082080891924
0.44095973080032935
0.4409586154077586
0.44095747404020097
0.44095630609289654
0.4409551109470119
0.4409538879693128
0.44095263651182864
0.4409513559115116
0.44095004548988426
0.440948704552682
0.4409473323894859
0.44094592827334705
0.4409444914604026
0.4409430211894825
0.4409415166817071
0.4409399771400762
0.44093840174904736
0.4409367896741053
0.4409351400613215
0.44093345203690226
0.44093172470672787
0.44092995715588046
0.44092814844816053
0.44092629762559266
0.44092440370792024
0.4409224656920875
0.44092048255171
0.4409184532365333
0.4409163766718787
0.4409142517580761
0.44091207736988297
0.44090985235589236
0.44090757553792426
0.44090524571040474
0.44090286163972975
0.4409004220636154
0.4408979256904319
0.4408953711985224
0.4408927572355074
0.4408900824175708
0.4408873453287314
0.4408845445200973
0.4408816785091015
0.440878745778722
0.4408757447766825
0.44087267391463536
0.4408695315673247
0.44086631607173193
0.44086302572619973
0.4408596587895375
0.44085621348010423
0.44085268797487226
0.4408490804084685
0.4408453888721931
0.44084161141301653
0.44083774603255305
0.4408337906860104
0.44082974328111596
0.440825601677017
0.44082136368315744
0.4408170270581271
0.4408125895084851
0.44080804868755696
0.4408034021942029
0.44079864757155857
0.4407937823057467
0.4407888038245592
0.440783709496109
0.4407784966274511
0.44077316246317216
0.4407677041839469
0.4407621189050627
0.44075640367491
0.44075055547343744
0.44074457121057237
0.4407384477246058
0.4407321817805384
0.440725770068392
0.4407192092014783
0.44071249571463283
0.4407056260624047
0.44069859661720695
0.44069140366742454
0.44068404341547895
0.4406765119758494
0.4406688053730481
0.4406609195395501
0.4406528503136761
0.440644593437427
0.44063614455426925
0.4406274992068704
0.44061865283478246
0.4406096007720743
0.4406003382449085
0.4405908603690651
0.4405811621474087
0.4405712384672977
0.440561084097937
0.4405506936876682
0.4405400617612017
0.44052918271678365
0.4405180508233022
0.44050666021732576
0.4404950049000764
0.4404830787343356
0.44047087544127933
0.44045838859724307
0.4404456116304144
0.4404325378174521
0.44041916028002825
0.44040547198129476
0.44039146572227056
0.4403771341381482
0.4403624696945183
0.4403474646835109
0.44033211121985
0.4403164012368213
0.44030032648215145
0.44028387851379425
0.44026704869562616
0.4402498281930448
0.44023220796847223
0.4402141787767578
0.4401957311604821
0.4401768554451557
0.4401575417343139
0.4401377799045047
0.4401175596001667
0.4400968702283955
0.44007570095359644
0.4400540406920207
0.4400318781061844
0.44000920159916507
0.43998599930877597
0.43996225910161535
0.4399379685669861
0.43991311501068653
0.43988768544866685
0.4398616666005512
0.43983504488301983
0.4398078064030525
0.4397799369510268
0.43975142199367023
0.4397222466668649
0.4396923957682983
0.43966185374996186
0.43963060471048976
0.43959863238734
0.43956592014880963
0.4395324509858869
0.43949820750393187
0.43946317191418705
0.43942732602511037
0.4393906512335345
0.4393531285156398
0.439314738417748
0.4392754610469254
0.4392352760613966
0.43919416266076594
0.43915209957604046
0.4391090650594543
0.43906503687409015
0.43901999228329364
0.43897390803987973
0.4389267603751249
0.4388785249875466
0.43882917703145996
0.4387786911053158
0.4387270412398123
0.43867420088577774
0.43862014290182305
0.43856483954175907
0.4385082624417762
0.4384503826073849
0.4383911704001104
0.43833059552394227
0.43826862701153463
0.4382052332101543
0.4381403817673725
0.4380740396165008
0.4380061729617656
0.4379367472632202
0.4378657272213913
0.4377930767616581
0.43771875901836177
0.43764273631864264
0.43756497016600354
0.4374854212235976
0.4374040492972384
0.4373208133181317
0.43723567132532604
0.43714858044788246
0.4370594968867623
0.43696837589643156
0.4368751717661799
0.43677983780116
0.4366823263031378
0.43658258855096393
0.43648057478075836
0.4363762341658159
0.43626951479622805
0.43616036365822775
0.4360487266132547
0.43593454837674833
0.43581777249666354
0.4356983413317233
0.43557619602940034
0.4354512765036396
0.4353235214123242
0.4351928681344887
0.4350592527472855
0.43492261000271387
0.4347828733041127
0.4346399746824311
0.43449384477228015
0.4343444127877763
0.4341916064981875
0.43403535220339007
0.4338755747091502
0.43371219730224
0.43354514172540165
0.43337432815217636
0.43319967516160746
0.4330210997128409
0.4328385171196319
0.43265184102478443
0.4324609833745359
0.43226585439291115
0.43206636255606745
0.43186241456665087
0.4316539153281926
0.431440767919566
0.431222873569537
0.43100013163143186
0.4307724395579544
0.43053969287618626
0.4303017851628009
0.4300586080195271
0.42981005104890274
0.42955600183035025
0.429296345896623
0.42903096671065927
0.42875974564289043
0.428482561949051
0.42819929274853896
0.4279098130033761
0.4276139954978239
0.42731171081870933
0.42700282733651895
0.4266872111873212
0.42636472625558164
0.42603523415793304
0.42569859422797346
0.42535466350215745
0.42500329670685805
0.4246443462466728
0.4242776621940555
0.4239030922803515
0.42352048188832475
0.4231296740462615
0.42273050942374213
0.42232282632917406
0.42190646070918053
0.42148124614994725
0.42104701388062565
0.42060359277889947
0.42015080937882276
0.41968848788103863
0.41921645016549464
0.4187345158067677
0.4182425020921232
0.41774022404242456
0.41722749443602236
0.41670412383574773
0.4161699206191416
0.4156246910120503
0.4150682391257222
0.4145003669975446
0.41392087463555355
0.413329560066864
0.4127262193901555
0.4121106468323611
0.41148263480970115
0.41084197399320843
0.41018845337889054
0.40952186036267363
0.4088419808202761
0.4081485991921564
0.40744149857367873
0.4067204608106447
0.40598526660032686
0.40523569559815004
0.40447152653015467
0.40369253731137844
0.40289850517028725
0.4020892067793814
0.40126441839210225
0.40042391598615257
0.39956747541334675
0.3986948725560908
0.397805883490593
0.3969002846568927
0.3959778530357892
0.3950383663327402
0.3940816031687918
0.393107343278591
0.39211536771551264
0.39110545906393407
0.3900774016586597
0.3890309818114982
0.38796598804496985
0.38688221133310774
0.3857794453493026
0.3846574867211153
0.3835161352919715
0.38235519438962157
0.38117447110123825
0.3799737765549957
0.3787529262079528
0.3775117401400406
0.3762500433539286
0.3749676660805182
0.3736644440897879
0.37234021900668585
0.3709948386317375
0.36962815726601284
0.36824003604006283
0.3668303432464076
0.3653989546751358
0.3639457539521331
0.3624706328794412
0.36097349177720806
0.3594542398266685
0.35791279541355847
0.35634908647134245
0.35476305082360227
0.3531546365249052
0.3515238021994486
0.34987051737674396
0.34819476282358397
0.3464965308715092
0.34477582573896876
0.34303266384734776
0.34126707413001806
0.3394790983335439
0.33766879131017
0.33583622130069346
0.33398147020682156
0.33210463385210354
0.33020582223051825
0.32828515974180317
0.32634278541260253
0.32437885310252595
0.3223935316942076
0.3203870052664725
0.3183594732497288
0.3163111505627238
0.31424226772982167
0.3121530709779912
0.3100438223127162
0.30791479957207707
0.30576629645829284
0.30359862254604914
0.3014121032669876
0.29920707986977585
0.29698390935524005
0.29474296438608716
0.292484633170813
0.2902093193214496
0.28791744168487793
0.28560943414749673
0.28328574541311446
0.28094683875400045
0.2785931917351161
0.27622529591162137
0.2738436564998316
0.27144879202188277
0.2690412339244471
0.2666215261719232
0.26419022481460536
0.26174789753242456
0.2592951231549311
0.2568324911582751
0.2543606011400163
0.2518800622726717
0.24939149273699288
0.2468955191360278
0.24439277589109637
0.24188390462087697
0.23936955350485797
0.23685037663247277
0.2343270333392847
0.23180018753164194
0.22927050700126056
0.2267386627312387
0.22420532819503367
0.2216711786499586
0.21913689042678194
0.21660314021702382
0.21407060435955438
0.21153995812809953
0.20901187502125634
0.20648702605661606
0.2039660790705658
0.20144969802533017
0.19893854232477542
0.19643326614047438
0.19393451774948428
0.1914429388852502
0.18895916410299007
0.18648382016087467
0.18401752541824448
0.1815608892520501
0.17911451149263583
0.17667898187990835
0.17425487954087274
0.17184277248942745
0.1694432171492425
0.16705675790045874
0.16468392665086834
0.1623252424321524
0.15998121102166965
0.15765232459020287
0.15533906137599401
0.15304188538530997
0.15076124611970154
0.14849757833003674
0.14625130179731455
0.14402282114018236
0.1418125256490124
0.13962078914631235
0.1374479698731864
0.13529441040148543
0.13316043757123264
0.13104636245283932
0.12895248033358342
0.1268790707277569
0.12482639740984945
0.12279470847008588
0.12078423639159347
0.11879519814844262
0.11682779532376604
0.1148822142471348
0.11295862615034358
0.1110571873407374
0.10917803939119249
0.10732130934585069
0.10548710994069627
0.10367553983805766
0.10188668387411316
0.10012061331847795
0.0983773861449533
0.09665704731252613
0.09495962905571267
0.09328515118335405
0.09163362138498107
0.09000503554388724
0.08839937805606021
0.08681662215414795
0.08525673023565052
0.08371965419455916
0.08220533575568265
0.08071370681092876
0.07924468975683725
0.07779819783268335
0.07637413545850634
0.07497239857243955
0.07359287496675308
0.07223544462204583
0.07089998003905755
0.06958634656759886
0.06829440273212814
0.06702400055353255
0.0657749858667043
0.06454719863352612
0.06334047325091557
0.062154638853599266
0.06098951961132305
0.05984493502022496
0.058720700188128555
0.05761662611353739
0.056532519958138426
0.05546818531264461
0.05442342245583178
0.05339802860664497
0.052391798169274924
0.051404522971121955
0.050435992493586886
0.04948599409564717
0.04855431323019287
0.04764073365311654
0.046745037625165374
0.04586700610658042
0.04500641894456024
0.044163055053603004
0.0433366925887906
0.042527109112092114
0.04173408175177308
0.04095738735501035
0.04019680263381805
0.039452104304401686
0.03872306922006307
0.03800947449778871
0.03731109763865791
0.03662771664221508
0.0359591101149536
0.03530505737306654
0.034665338539619873
0.03403973463631045
0.03342802766997101
0.03283000071399025
0.03224543798481484
0.03167412491370346
0.031115848213903754
0.030570395943422778
0.03003755756356311
0.029517123993395226
0.02900888766033725
0.02851264254701083
0.028028184234542813
0.027555309942478023
0.027093818565469507
0.026643510706907257
0.02620418870964718
0.025775656683996492
0.025357720533111142
0.024950187975955312
0.024552868567971956
0.024165573719607987
0.023788116712834657
0.023420312715799134
0.023061978795740228
0.02271293393029534
0.02237299901732222
0.022041996883354353
0.02171975229080353
0.021406091944019205
0.021100844494308237
0.02080384054401408
0.020514912649749563
0.020233895324871524
0.019960625041280988
0.019694940230626772
0.019436681284985047
0.01918569055708279
0.018941812360126535
0.018704892967293454
0.018474780610935843
0.018251325481545424
0.01803437972651809
0.017823797448754758
0.01761943470512915
0.01742114950484805
0.017228801807724833
0.017042253522382655
0.01686136850439824
0.016686012554394024
0.016516053416081047
0.016351360774251675
0.016191806252716826
0.016037263412179037
0.01588760774802949
0.015742716688053215
0.015602469590024278
0.015466747739170146
0.01533543434548157
0.015208414540842256
0.015085575375951002
0.014966805817006927
0.014851996742127482
0.0147410409374673
0.014633833093005958
0.014530269797971338
0.014430249535865702
0.014333672679061455
0.014240441482933592
0.014150460079496814
0.014063634470515781
0.01397987252005833
0.013899083946462392
0.013821180313689077
0.013746075022036083
0.013673683298187373
0.013603922184577004
0.01353671052804744
0.013471968967784654
0.013409619922515022
0.013349587576951432
0.013291797867478288
0.01323617846706841
0.013182658769426649
0.013131169872358331
0.013081644560362949
0.013034017286456163
0.01298822415322581
0.012944202893130089
0.012901892848048303
0.012861234948096946
0.012822171689726148
0.0127846471131133
0.012748606778872563
0.0127139977441008
0.012680768537781727
0.012648869135571532
0.012618250933990369
0.012588866724044587
0.012560670664305872
0.012533618253473473
0.012507666302445857
0.012482772905928424
0.012458897413603419
0.012436000400887826
0.012414043639304132
0.012392990066488155
0.012372803755856667
0.012353449885956389
0.012334894709514044
0.012317105522205624
0.01230005063116049
0.012283699323214216
0.012268021832921035
0.01225298931033457
0.012238573788562114
0.012224748151095189
0.012211486098915399
0.012198762117371479
0.012186551442819493
0.012174830029014694
0.01216357451323923
0.012152762182146054
0.012142370937294747
0.012132379260350884
0.012122766177915507
0.01211351122594681
0.012104594413730923
0.012095996187353705
0.012087697392620073
0.012079679237361866
0.012071923253069787
0.012064411255779029
0.012057125306132151
0.012050047668536863
0.012043160769329991
0.012036447153852372
0.01202988944233284
0.01202347028447316
0.012017172312618158
0.012010978093389186
0.012004870077651511
0.01199883054867928
0.011992841568374898
0.01198688492139234
0.011980942057007131
0.011974994028569018
0.011969021430366992
0.011963004331729747
0.011956922208179739
0.0119507538694532
0.011944477384194905
0.01193807000113273
0.011931508066535233
0.011924766937754879
0.011917820892660516
0.01191064303476621
0.011903205193869159
0.011895477822018129
0.011887429884646188
0.011879028746717504
0.011870240053759192
0.011861027607675332
0.011851353237273
0.011841176663470012
0.011830455359202106
0.011819144404104446
0.011807196334110565
0.011794560986191319
0.01178118533854995
0.01176701334669716
0.011751985775955093
0.011736040031081946
0.011719109983872412
0.011701125799774283
0.01168201376477082
0.011661696114013556
0.011640090863952403
0.011617111650001434
0.0115926675721003
0.011566663050883776
0.011538997697555689
0.011509566200978429
0.011478258235932905
0.01144495839697482
0.011409546162806566
0.011371895896594552
0.011331876888181398
0.011289353444660812
0.011244185036287413
0.011196226505167817
0.011145328344603597
0.011091337057307943
0.011034095600968692
0.01097344392974978
0.010909219640275936
0.010841258730392492
0.010769396478492467
0.010693468450411844
0.0106133116397674
0.010528765746105295
0.01043967459330345
0.010345887688291732
0.010247261917298165
0.010143663373484095
0.010034969306005434
0.009921070176257785
0.009801871802387428
0.009677297568161885
0.009547290667112969
0.009411816347645768
0.009270864119737333
0.009124449879151751
0.008972617901021418
0.008815442651457929
0.008653030363833563
0.008485520325787225
0.008313085824097859
0.008135934697536798
0.007954309452791417
0.007768486905602211
0.0075787773183242845
0.007385523016058529
0.007189096476021127
0.006989897898547965
0.006788352282571186
0.006584906042989621
0.006380023221457724
0.0061741813550992885
0.005967867078891913
0.005761571546412365
0.00555578575982571
0.005350995903123718
0.005147678772505521
0.004946297394453432
0.0047472969156622715
0.004551100839863907
0.00435810767520956
0.00416868804279475
0.003983182282755374
0.003801898579769858