0.44099348683611544
0.4409931576094161
0.44099282071455076
0.44099247597292873
0.4409921232018008
0.44099176221416186
0.4409913928186525
0.440991014819457
0.4409906280162001
0.44099023220384026
0.4409898271725618
0.4409894127076631
0.4409889885894431
0.4409885545930853
0.4409881104885378
0.4409876560403927
0.44098719100776
0.4409867151441411
0.44098622819729766
0.44098572990911855
0.44098522001548246
0.44098469824611836
0.44098416432446275
0.4409836179675126
0.44098305888567557
0.44098248678261737
0.4409819013551035
0.4409813022928403
0.4409806892783093
0.4409800619865999
0.440979420085237
0.44097876323400526
0.44097809108476843
0.4409774032812859
0.440976699459023
0.4409759792449596
0.4409752422573909
0.44097448810572654
0.44097371639028354
0.44097292670207494
0.44097211862259283
0.44097129172358746
0.4409704455668403
0.44096957970393214
0.44096869367600605
0.4409677870135242
0.4409668592360198
0.44096590985184253
0.44096493835789885
0.4409639442393856
0.44096292696951767
0.4409618860092492
0.4409608208069891
0.44095973079830836
0.44095861540564224
0.44095747403798496
0.4409563060905761
0.4409551109445822
0.4409538879667684
0.4409526365091645
0.44095135590872175
0.440950045486963
0.4409487045496231
0.44094733238628286
0.440945928269993
0.4409444914568905
0.44094302118580486
0.44094151667785614
0.4409399771360437
0.4409384017448248
0.4409367896696839
0.4409351400566916
0.4409334520320541
0.4409317247016514
0.44092995715056477
0.4409281484425941
0.4409262976197641
0.44092440370181696
0.44092246568569654
0.44092048254501787
0.4409184532295257
0.440916376664541
0.44091425175039234
0.44091207736183713
0.44090985234746743
0.4409075755291022
0.4409052457011669
0.4409028616300566
0.4409004220534865
0.4408979256798256
0.44089537118741634
0.4408927572238778
0.4408900824053931
0.44088734531597995
0.4408845445067448
0.4408816784951197
0.44087874576408137
0.44087574476135205
0.44087267389858237
0.44086953155051506
0.4408663160541302
0.44086302570776853
0.4408596587702376
0.4408562134598948
0.4408526879537105
0.4408490803863093
0.44084538884898966
0.4408416113887196
0.44083774600711106
0.44083379065936956
0.4408297432532195
0.4408256016478059
0.44082136365256974
0.44081702702609793
0.44081258947494656
0.44080804865243783
0.4408034021574288
0.4407986475330514
0.44079378226542487
0.4407888037823371
0.44078370945189715
0.4407784965811558
0.44077316241469516
0.4407677041331852
0.44076211885190886
0.4407564036192514
0.4407505554151558
0.44074457114954424
0.44073844766070164
0.4407321817136227
0.4407257699983228
0.4407192091281072
0.4407124956378042
0.44070562598195545
0.44069859653296656
0.44069140357921416
0.44068404332311173
0.4406765118791294
0.44066880527177027
0.44066091943349955
0.440652850202628
0.44064459332114586
0.4406361444325084
0.4406274990793717
0.44061865270127554
0.4406096006322759
0.44060033809852234
0.4405908602157807
0.4405811619869009
0.4405712382992263
0.4405610839219455
0.4405506935033834
0.4405400615682327
0.44052918251472145
0.44051805061171817
0.44050665999577127
0.44049500466808184
0.4404830784914089
0.4404708751869053
0.4404583883308823
0.44044561135150234
0.440432537525397
0.44041915997421105
0.4404054716610669
0.4403914653869533
0.44037713378703025
0.44036246932685535
0.44034746429852334
0.4403321108167216
0.44031640081469725
0.4403003260401367
0.44028387805095187
0.4402670482109746
0.4402498276855567
0.44023220743707137
0.4402141782203179
0.44019573057782324
0.44017685483504254
0.44015754109545296
0.4401377792355417
0.44011755889968346
0.440096869494907
0.4400757001855476
0.44005403988778347
0.4400318772640538
0.440009200717356
0.4399859983854191
0.43996225813475337
0.4399379675545695
0.43991311395056915
0.43988768433860176
0.4398616654381853
0.43983504366588944
0.4398078051285777
0.4397799356165062
0.43975142059627553
0.4397222452036341
0.43969239423613043
0.4396618521456095
0.4396306030305529
0.439598630628258
0.43956591830685493
0.43953244905715577
0.43949820548433727
0.4394631697994487
0.4394273238107475
0.43939064891485446
0.4393531260877297
0.4393147358754632
0.439275458384879
0.43923527327394835
0.43919415974200987
0.4391520965197926
0.43910906185923976
0.4390650335231289
0.43901998877448667
0.4389739043657938
0.43892675652797714
0.43887852095918733
0.43882917281335615
0.438778686688533
0.4387270366149951
0.4386741960431309
0.43862013783108983
0.43856483423220066
0.4385082568821481
0.43845037678591353
0.4383911643044681
0.43833058914122136
0.43826862032822017
0.43820522621209546
0.43814037443975257
0.43807403194380623
0.43800616492775296
0.4379367388508819
0.4378657184129199
0.4377930675384084
0.4377187493608116
0.437642726206352
0.43756495957757074
0.4374854101366149
0.4374040376882441
0.4373208011625611
0.4372356585974593
0.43714856712079075
0.43705948293225083
0.4369683612849798
0.4368751564668801
0.43677982178165137
0.4366823095295392
0.4365825709878013
0.43648055639089106
0.436376214910358
0.4362694946344667
0.43616034254753727
0.4360487045090073
0.4359345252322196
0.43581774826293496
0.4356983159575786
0.4355761694612183
0.43545124868528123
0.4353234922850152
0.4351928376366951
0.4350592208145855
0.4349225765676615
0.43478283829609715
0.43463993802752837
0.43449380639309754
0.4343443726032908
0.4341915644235754
0.43403530814984975
0.43387552858371536
0.4337121490075855
0.43354509115964013
0.4333742752086443
0.43319961972864257
0.4330210416735482
0.43283845635164003
0.4326517773999894
0.4324609167588338
0.43226578464591847
0.43206628953082776
0.4318623381093288
0.4316538352777526
0.43144068410743736
0.4312227858192629
0.4310000397583012
0.4307723433686186
0.4305395921682567
0.4303016797244284
0.4300584976289626
0.42980993547403584
0.42955588082822876
0.429296219212949
0.4290308340792621
0.4287596067851759
0.4284824165734248
0.42819914054980396
0.42790965366210143
0.4276138286796859
0.4273115361738015
0.42700264449863085
0.4266870197731841
0.4263645258640791
0.4260350243692771
0.425698374602841
0.4253544335807889
0.4250030560081139
0.4246440942670483
0.42427739840664896
0.4239028161337871
0.42352019280562564
0.42312937142367246
0.42273019262949796
0.4223224947022126
0.4219061135577983
0.4214808827503932
0.42104663347563176
0.4206031945761459
0.4201503925493334
0.41968805155750405
0.41921599344052074
0.4187340377310456
0.41824200167251707
0.4177397002399743
0.4172269461638567
0.41670354995690556
0.41616931994429507
0.41562406229712795
0.4150675810694272
0.4144996782387615
0.41392015375064306
0.41332880556683704
0.4127254297177237
0.41210982035885807
0.41148176983186957
0.4108410687298463
0.41018750596735226
0.4095208688552187
0.4088409431802601
0.40814751329005755
0.40744036218295404
0.4067192716034068
0.40598402214283746
0.40523439334612044
0.4044701638238468
0.4036911113704982
0.40289701308866177
0.40208764551941334
0.40126278477899063
0.400422206701873
0.39956568699038075
0.39869300137089553
0.397803925756801
0.39689823641823346
0.39597571015871913
0.3950361244987743
0.39407925786652437
0.3931048897953924
0.39211280112889574
0.3911027742325733
0.3900745932130551
0.38902804414426945
0.3879629153007696
0.3868789973981404
0.3857760838404366
0.384653970974575
0.3835124583515946
0.38235134899467016
0.3811704496737476
0.37996957118664776
0.3787485286464597
0.37750714177502326
0.37624523520227615
0.3749626387712128
0.3736591878481803
0.37233472363820563
0.37098909350502385
0.36962215129544934
0.3682337576677003
0.36682378042326164
0.3653920948418405
0.36393858401893747
0.3624631392055315
0.3609656601493412
0.35944605543710073
0.3579042428372538
0.35634014964244654
0.35475371301116554
0.3531448803078422
0.35151360944071774
0.3498598691967337
0.34818363957269305
0.3464849121019063
0.3447636901755191
0.3430199893576951
0.34125383769380957
0.3394652760107872
0.3376543582087118
0.33582115154281067
0.3339657368949152
0.3320882090334884
0.3301886768613
0.32826726364983794
0.3263241072595325
0.3243593603448881
0.3223731905436114
0.3203657806488458
0.31833732876362997
0.31628804843672087
0.31421816877894165
0.31212793455924076
0.310017606279679
0.30788746022859365
0.30573778851122996
0.30356889905716705
0.30138111560391534
0.2991747776561064
0.2969502404197578
0.2947078747111414
0.2924480668398545
0.2901712184657461
0.28787774642942826
0.285568082556162
0.2832426734329888
0.2809019801590433
0.27854647806906957
0.27617665643023803
0.2737930181124387
0.27139607923230985
0.26898636877134585
0.26656442816850767
0.2641308108878447
0.2616860819617158
0.25923081751028854
0.2567656042380636
0.2542910389082648
0.25180772779600036
0.24931628612118562
0.2468173374622866
0.24431151315201172
0.24179945165614897
0.23928179793680254
0.2367592028013488
0.2342323222384774
0.23170181674273624
0.22916835062904023
0.22663259133864574
0.22409520873812105
0.221556874412872
0.21901826095680244
0.21648004125970563
0.21394288779398896
0.21140747190233902
0.20887446308792754
0.20634452830875452
0.20381833127770116
0.2012965317698521
0.1987797849386079
0.19626874064208735
0.1937640427812692
0.19126632865128657
0.1887762283072288
0.18629436394576404
0.1838213493038233
0.18135778907553304
0.17890427834851383
0.17646140206059008
0.17402973447788872
0.17160983869522117
0.1692022661595727
0.16680755621743554
0.16442623568664835
0.1620588184533164
0.159705805094309
0.15736768252573963
0.1550449236777627
0.15273798719592804
0.15044731716925844
0.1481733428851321
0.14591647861097817
0.1436771234027102
0.1414556609397541
0.1392524593864506
0.13706787127954645
0.13490223344142047
0.13275586691862895
0.13062907694529216
0.12852215293079386
0.12643536847120532
0.12436898138380455
0.12232323376401037
0.12029835206401232
0.11829454719234307
0.11631201463360219
0.11435093458751423
0.11241147212647697
0.11049377737073632
0.10859798568030492
0.10672421786272886
0.10487258039579381
0.10304316566426036
0.10123605220970923
0.09945130499258069
0.09768897566549152
0.09594910285692365
0.09423171246438229
0.09253681795613522
0.0908644206806563
0.08921451018291467
0.08758706452666606
0.08598205062192549
0.0843994245568162
0.08283913193302131
0.0813011082040808
0.0797852790158062
0.07829156054811198
0.0768198598575866
0.07537007522015948
0.07394209647324441
0.07253580535677195
0.07115107585254986
0.06978777452142444
0.06844576083774125
0.06712488752063621
0.06582500086171447
0.06454594104870841
0.06328754248472918
0.06204963410275998
0.060832039675061955
0.05963457811719674
0.05845706378639042
0.057299306773994335
0.05616111319181992
0.05504228545215182
0.05394262254126553
0.052861920286298984
0.051799971615348744
0.050756566810684335
0.049731493754991626
0.04872453817057709
0.047735483851483025
0.04676411288847893
0.0458102058869141
0.044873542177428324
0.0439539000195352
0.043051056798102644
0.04216478921277218
0.04129487346036702
0.04044108541035155
0.039603200773414074
0.038780995263255964
0.03797424475167659
0.03718272541705344
0.03640621388632164
0.03564448737056668
0.03489732379434704
0.0341645019188703
0.033445801459149806
0.032741003195274364
0.0320498890779252
0.03137224232827896
0.030707847532435648
0.030056490730515636
0.02941795950056805
0.028792043037435936
0.028178532226723965
0.02757721971401355
0.026987899969472366
0.02641036934800287
0.02584442614507517
0.025289870648387378
0.024746505185497238
0.024214134167565356
0.023692564129350762
0.023181603765595478
0.02268106396393553
0.022190757834470998
0.02171050073612777
0.021240110299938973
0.020779406449374087
0.020328211417839047
0.019886349763468994
0.019453648381332202
0.01902993651316157
0.018615045754726202
0.01820881006095355
0.017811065748909165
0.01742165149873852
0.017040408352672363
0.0166671797121938
0.016301811333462795
0.015944151321090488
0.015594050120353193
0.015251360507932656
0.014915937581266669
0.014587638746590676
0.014266323705749283
0.013951854441852665
0.013644095203851004
0.01334291249009666
0.013048175030962167
0.012759753770578603
0.01247752184775686
0.012201354576151716
0.011931129423726412
0.011666725991572823
0.011408025992140263
0.011154913226923252
0.010907273563657248
0.010664994913068312
0.010427967205221315
0.010196082365508665
0.009969234290320284
0.009747318822433145
0.009530233726157133
0.009317878662271812
0.009110155162787877
0.008906966605564268
0.00870821818881117
0.008513816905507282
0.008323671517758069
0.008137692531120764
0.007955792168919881
0.0077778843465763185
0.007603884645971123
0.00743371028986451
0.007267280116388958
0.00710451455363438
0.006945335594341993
0.006789666770722882
0.006637433129415786
0.006488561206598015
0.006342979003262114
0.0062006159606705
0.00606140293599896
0.00592527217817939
0.0057921573039511525
0.005661993274129974
0.005534716370102291
0.005410264170552528
0.00528857552842982
0.005169590548160571
0.005053250563112094
0.0049394981133124545
0.004828276923430888
0.004719531881022629
0.0046132090150417275
0.0045092554746247095
0.004407619508147723
0.004308250442559128
0.004211098662989479
0.004116115592640149
0.00402325367295162
0.003932466344052118
0.003843708025487037
0.003756934097229143
0.0036721008809694647
0.0035891656216882235
0.0035080864695053115
0.003428822461809252
0.003351333505663493
0.0032755803604886365
0.0032015246210191396
0.0031291287005326502
0.00305835581435013
0.002989169963604615
0.002921535919276503
0.002855419206492936
0.002790786089088815
0.0027276035544268875
0.0026658392984740967
0.0026054617111315095
0.002546439861814807
0.002488743485282456
0.0024323429677083315
0.002377209332995839
0.002323314229330175
0.0022706299159655687
0.0022191292502440857
0.0021687856748427233
0.0021195732052453355
0.002071466417435987
0.0020244404358101854
0.0019784709213006273
0.0019335340597138196
0.001889606550274146
0.0018466655943717599
0.0018046888845108494
0.001763654593454684
0.0017235413635639512
0.0016843282963248365
0.0016459949420634128
0.0016085212898428306
0.0015718877575399007
0.001536075182097715
0.0015010648099508988
0.0014668382876203059
0.001433377652473903
0.0014006653236507307
0.001368684093144897
0.0013374171170466985
0.0013068479069380272
0.0012769603214394154
0.001247738557906147
0.0012191671442711265
0.0011912309310322926
0.0011639150833826608
0.0011372050734812262
0.0011110866728633395
0.0010855459449893611
0.0010605692379308039
0.0010361431771934966
0.00101225465867777
0.0009888908417760786
0.0009660391426090149
0.0009436872274012098
0.0009218230059992899
0.0009004346255347131
0.0008795104642350834
0.0008590391253884186
0.0008390094314657183
0.0008194104184082752
0.0008002313300872187
0.0007814616129440512
0.0007630909108222234
0.0007451090600012859
0.0007275060844466686
0.0007102721912898483
0.000693397766555448
0.0006768733711537604
0.0006606897371592154
0.0006448377643974733
0.0006293085173660779
0.0006140932225159778
0.0005991832659236017
0.0005845701913856639
0.0005702456989712807
0.0005562016440684559
0.0005424300369642302
0.0005289230429999779
0.0005156729833451638
0.0005026723364344412
0.0004899137401139591
0.00047738999454318846
0.0004650940658982227
0.00045301909092115063
0.0004411583823576675
0.00042950543532115516
0.0004180539346159997
0.0004067977630454679
0.0003957310107199386
0.000384847985369223
0.00037414322364801164
0.00036361150340575215
0.0003532478568714112
0.0003430475846792815
0.00033300627063432864
0.00032311979708439845
0.00031338436073218804
0.0003037964886824043
0.00029435305447958677
0.0002850512938502959
0.00027588881982082295
0.0002668636368393917
0.0002579741534916623
0.0002492191933619094
0.00024059800356173835
0.0002321102604258064
0.00022375607186230658
0.0002155359758474248
0.00020745093457004952
0.00019950232376800647
0.00019169191685176342
0.00018402186348727247
0.0001764946624067632
0.0001691131283344869
0.000161880353051887
0.00015479966078069712
0.00014787455822877816
0.00014110867981681886
0.00013450572877773693
0.0001280694149874864
0.00012180339053806587
0.00011571118419298106
0.00010979613596464964
0.00010406133311576203
0.0000985095489072297
0.00009314318539088901
0.00008796422147448426
0.00008297416737108071
0.00007817402638870269
0.00007356426482477195
0.00006914479051176735
0.00006491494032491956
0.0000608734767199144
0.000057018593129013266
0.000053347927817654685
0.00004985858559947687
0.00004654716663315446
0.00004340980138497276