0.44099348683623774
0.4409931576095441
0.44099282071468476
0.4409924759730691
0.4409921232019478
0.4409917622143159
0.4409913928188137
0.4409910148196259
0.4409906280163769
0.4409902322040252
0.44098982717275553
0.4409894127078659
0.4409889885896555
0.4409885545933076
0.4409881104887707
0.44098765604063656
0.4409871910080154
0.4409867151444085
0.4409862281975778
0.44098572990941187
0.44098522001578955
0.4409846982464399
0.4409841643247995
0.4409836179678651
0.4409830588860448
0.4409824867830039
0.4409819013555083
0.44098130229326415
0.4409806892787531
0.4409800619870647
0.44097942008572366
0.4409787632345148
0.44097809108530206
0.44097740328184454
0.4409766994596082
0.4409759792455723
0.4409752422580324
0.4409744881063983
0.440973716390987
0.4409729267028115
0.440972118623364
0.4409712917243951
0.44097044556768605
0.4409695797048178
0.4409686936769333
0.4409677870144952
0.4409668592370365
0.4409659098529071
0.4409649383590136
0.44096394424055296
0.44096292697073985
0.4409618860105292
0.4409608208083293
0.44095973079971174
0.44095861540711195
0.4409574740395238
0.44095630609218756
0.4409551109462696
0.4409538879685352
0.4409526365110145
0.4409513559106592
0.4409500454889916
0.4409487045517472
0.44094733238850725
0.4409459282723222
0.44094449145932946
0.44094302118835876
0.44094151668053044
0.44093997713884403
0.4409384017477571
0.44093678967275424
0.4409351400599067
0.4409334520354207
0.4409317247051766
0.44092995715425615
0.4409281484464596
0.44092629762381164
0.4409244037060553
0.4409224656901345
0.44092048254966504
0.440918453234392
0.4409163766696366
0.44091425175572807
0.4409120773674244
0.4409098523533179
0.44090757553522847
0.4409052457075818
0.440902861636774
0.4409004220605202
0.44089792568719094
0.4408953711951288
0.4408927572319537
0.4408900824138495
0.44088734532483503
0.44088454451601716
0.4408816785048291
0.4408787457742483
0.44087574477199803
0.44087267390973
0.44086953156218817
0.4408663160663534
0.44086302572056774
0.4408596587836401
0.4408562134739288
0.4408526879684059
0.4408490804016973
0.4408453888651028
0.44084161140559214
0.44083774602477865
0.44083379067786976
0.4408297432725917
0.44082560166809104
0.44082136367381086
0.44081702704833986
0.44081258949823676
0.44080804867682566
0.4408034021829659
0.440798647559792
0.44079378229342553
0.4407888038116574
0.44078370948259915
0.44077849661330476
0.4407731624483591
0.4407677041684356
0.44076211888882066
0.4407564036579025
0.44075055545562847
0.4407445711919242
0.4407384477050786
0.44073218176009105
0.4407257700469808
0.44071920917905827
0.4407124956911565
0.44070562603782193
0.44069859659146565
0.44069140364047016
0.4406840433872543
0.44067651194629465
0.44066880534210073
0.44066091950714437
0.4406528502797432
0.44064459340189505
0.44063614451706296
0.4406274991679107
0.44061865279398693
0.4406096007293562
0.44060033820017735
0.4405908603222261
0.4405811620983624
0.4405712384159402
0.44056108404415933
0.4405506936313564
0.4405400617022362
0.44052918265503965
0.4405180507586486
0.4405066601496254
0.44049500482918597
0.4404830786601048
0.4404708753635505
0.44045838851585145
0.44044561154518747
0.4404325377282091
0.44041916018657995
0.44040547188344303
0.4403914656198079
0.4403771340308573
0.4403624695821718
0.44034746456587054
0.44033211109666637
0.44031640110783316
0.44030032634708544
0.440283878372364
0.4402670485475317
0.4402498280379722
0.44023220780609257
0.44021417860672707
0.4401957309824397
0.440176855258724
0.44015754153909786
0.44013777970009027
0.4401175593861208
0.44009687000426423
0.4400757007189046
0.44005404044627083
0.44003187784885567
0.4400092013297118
0.439985999026627
0.43996225880617257
0.4399379682576233
0.4399131146867479
0.43988768510946585
0.43986166624536865
0.43983504451110306
0.4398078060136133
0.43977993654323944
0.43975142156667063
0.439722246219748
0.4396923953001165
0.43966185325972273
0.4396306041971546
0.4395986318498207
0.4395659195859672
0.4395324503965285
0.4394982068868085
0.43946317126799095
0.4394273253484725
0.43939065052502074
0.43935312777374913
0.43931473764090845
0.4392754602334908
0.4392352752096435
0.4391941617688899
0.43915209864215166
0.4391090640815744
0.4390650358501474
0.43901999121111884
0.4389739069172016
0.4389267591995655
0.43887852375661557
0.43882917574254987
0.4387786897556969
0.43872703982662575
0.4386741994060307
0.4386201413523816
0.4385648379193416
0.4385082607429473
0.438450380828547
0.43839116853749666
0.4383305935736087
0.438268624969352
0.4382052310717986
0.43814037952831647
0.43807403727200456
0.4380061705068658
0.4379367446927204
0.43786572452985045
0.43779307394337935
0.4377187560673803
0.43764273322871305
0.43756496693058705
0.4374854178358475
0.4374040457499863
0.4373208096038724
0.43723566743620107
0.4371485763756643
0.43705949262283667
0.43696837143177886
0.4368751670913575
0.43677983290628036
0.4366823211778498
0.4365825831844294
0.43648056916162997
0.43637622828221356
0.43626950863571345
0.4361603572077781
0.4360487198592362
0.43593454130488596
0.43581776509201275
0.4356983335786375
0.4355761879114981
0.435451268003771
0.43532351251253426
0.43519285881597936
0.4350592429903771
0.4349225997868028
0.43478286260762905
0.43463996348279327
0.43449383304584693
0.43434440050979795
0.43419159364275367
0.43403533874337574
0.4338755606161588
0.4337121825465437
0.4335451262758798
0.43337431197625004
0.4331996582251716
0.43302108198019257
0.4328384985533964
0.4326518215858369
0.4324609630219197
0.43226583308375294
0.43206634024548696
0.43186239120766856
0.43165389087163064
0.4314407423139468
0.431222846760976
0.43100010356352497
0.43077241017166146
0.43053966210970834
0.4303017529514516
0.43005857429559924
0.4298100157415269
0.4295559648653489
0.4292963071963564
0.4290309261938653
0.4287597032245159
0.42848251754007677
0.4281992462557955
0.4279097643293514
0.42761394454046237
0.42731165747120203
0.42700277148708277
0.42668715271897006
0.4263646650458848
0.4260351700787646
0.4256985271452489
0.4253545932755593
0.42500322318954725
0.4246442692849896
0.42427758162720414
0.4239030079400722
0.42352039359855
0.42312958162275743
0.4227304126737333
0.4223227250509503
0.42190635469168813
0.42148113517235986
0.4210468977118962
0.4206034711772928
0.42015068209142614
0.41968835464325094
0.4192163107004921
0.41873436982494683
0.4182423492905172
0.4177400641040948
0.4172273270294226
0.41670394861405996
0.41616973721958206
0.415624499055145
0.41506803821455124
0.4145001567169514
0.41392065455132104
0.4133293297248532
0.4127259783154071
0.4121103945281577
0.4114823707565886
0.4108416976479745
0.41018816417349885
0.4095215577031524
0.40884166408555805
0.40814826773286944
0.4074411517108842
0.4067200978345217
0.4059848867688012
0.40523529813546433
0.40447111062537744
0.4036921021168518
0.4028980498000072
0.4020887303073128
0.40126391985042087
0.4004233943634164
0.39956692965259005
0.39869430155284025
0.39780528609080246
0.3968996596547933
0.3959771991716519
0.3950376822905485
0.39408088757382015
0.3931065946948856
0.39211458464327337
0.39110463993679084
0.39007654484084214
0.389030085594895
0.38796505064607156
0.38688123088983295
0.3857784199177008
0.3846564142719437
0.38351501370714103
0.3823540214585098
0.3811732445168626
0.37997249391004456
0.37875158499067
0.3775103377299579
0.3762485770174435
0.374966132966311
0.37366284122407495
0.3723385432883032
0.3709930868270519
0.36962632600365447
0.36823812180547455
0.3668283423762092
0.3653968633512941
0.3639435681959382
0.3624683485452799
0.36097110454613396
0.3594517451997607
0.35791018870506763
0.3563463628016171
0.3547602051117938
0.35315166348144456
0.3515206963182936
0.3498672729273904
0.3481913738428392
0.34649299115502286
0.344772128832518
0.3430288030378741
0.3412630424364111
0.3394748884971717
0.33766439578515073
0.33583163224390833
0.3339766794676664
0.3320996329619762
0.3302006023920414
0.3282797118177826
0.32633709991471743
0.32437292017975305
0.3223873411209797
0.32038054643056957
0.3183527351399046
0.3163041217560687
0.3142349363788632
0.31214542479753526
0.31003584856643107
0.30790648505882345
0.3057576274982046
0.303589584966367
0.3014026823876519
0.29919726048878365
0.296973675733771
0.29473230023340496
0.2924735216289493
0.29019774294967604
0.2879053824439756
0.2855968733838297
0.28327266384251587
0.28093321644547986
0.2785790080943988
0.2762105296645266
0.273828285675502
0.2714327939358738
0.26902458516168887
0.2666042025695635
0.2641722014447481
0.261729148684772
0.2592756223193457
0.25681221100727014
0.25433951351118916
0.2518581381510938
0.2493687022375667
0.24687183148582695
0.24436815941170095
0.2418583267107187
0.2393429806215883
0.23682277427536869
0.23429836603170692
0.23177041880355886
0.22923959937185384
0.22670657769160413
0.22417202619099244
0.2216366190649941
0.21910103156511657
0.21656593928685114
0.2140320174564403
0.21149994021856888
0.20897037992657927
0.20644400643680724
0.20392148640861357
0.20140348261166843
0.1988906532420135
0.1963836512483982
0.19388312367034438
0.19138971098934915
0.18890404649458403
0.18642675566440278
0.18395845556489993
0.18149975426670595
0.17905125028113947
0.17661353201675892
0.1741871772572942
0.1717727526618511
0.169370813288214
0.16698190213998168
0.16460654973820088
0.1622452737180696
0.15989857845120756
0.15756695469389903
0.15525087926164072
0.1529508147302357
0.15066720916359772
0.1484004958683472
0.1461510931752053
0.14391940424711058
0.14170581691391385
0.13951070353342718
0.13733442087854394
0.1351773100500704
0.13303969641485405
0.13092188956872672
0.12882418332373344
0.12674685571905595
0.12469016905499858
0.12265436994935491
0.12063968941543175
0.11864634296097622
0.11667453070721098
0.11472443752715725
0.11279623320239952
0.11089007259742419
0.1090060958506469
0.10714442858122862
0.10530518211076954
0.10348845369896624
0.10169432679230973
0.09992287128490468
0.09817414379049014
0.09644818792475196
0.09474503459702067
0.09306470231046327
0.09140719746988818
0.08977251469630072
0.0881606371473624
0.0865715368429283
0.08500517499485606
0.0834615023403062
0.08194045947777567
0.08044197720513131
0.07896597685893973
0.07751237065441295
0.07608106202532294
0.07467194596326156
0.07328490935565637
0.0719198313219777
0.0705765835476071
0.06925503061486332
0.06795503033071379
0.06667643405072701
0.06541908699885507
0.06418282858265868
0.06296749270362126
0.06177290806222156
0.060598898457467666
0.05944528308061645
0.05831187680283281
0.05719849045656617
0.05610493111044832
0.05503100233753895
0.05397650447676974
0.0529412348874578
0.05192498819678498
0.050927556540154136
0.04994872979435827
0.04898829580351435
0.04804604059773079
0.04712174860449737
0.04621520285279889
0.04532618516997157
0.04445447637133268
0.04359985644263034
0.042762104715370376
0.04194100003508981
0.04113632092265617
0.040347845728684814
0.039575352781171455
0.03881862052644964
0.03807742766358716
0.03735155327234602
0.0366407769348338
0.03594487885098269
0.03526363994799518
0.034596841983902726
0.03394426764538545
0.033305700640006174
0.03268092578301299
0.03206972907887032
0.03147189779767728
0.03088722054663555
0.03031548733673036
0.029756489644787342
0.029210020471071074
0.02867587439258882
0.02815384761226444
0.02764373800414569
0.027145345154808685
0.0266584704011209
0.02618291686452408
0.0257184894819949
0.025264995033842188
0.02482224216849464
0.024390041424433132
0.023968205249417056
0.02355654801715391
0.023154886041556574
0.022763037588730925
0.02238082288683269
0.022008064133930225
0.021644585504005193
0.021290213151220663
0.020944775212582246
0.020608101809113863
0.020280025045666745
0.01996037900947526
0.019648999767570112
0.019345725363154653
0.01905039581104671
0.018762853092283035
0.018482941147980325
0.018210505872541177
0.017945395106290316
0.017687458627620726
0.017436548144725648
0.017192517286987338
0.01695522159608952
0.016724518516915404
0.01650026738828881
0.016282329433611263
0.016070567751443665
0.015864847306076246
0.015665034918126337
0.015470999255198722
0.015282610822639315
0.015099741954408242
0.01492226680409448
0.014750061336089556
0.014583003316934144
0.01442097230684749
0.01426384965144522
0.014111518473647647
0.013963863665777614
0.013820771881842341
0.013682131529991544
0.013547832765140388
0.013417767481742988
0.013291829306699665
0.013169913592378294
0.013051917409727967
0.012937739541460975
0.012827280475277154
0.01272044239710308
0.012617129184317096
0.012517246398929595
0.012420701280687658
0.012327402740071639
0.012237261351151314
0.01215018934426841
0.012066100598512708
0.011984910633958772
0.011906536603630705
0.011830897285163042
0.011757913072126456
0.011687505964988174
0.01161959956167794
0.011554119047731532
0.011490991185985839
0.011430144305800399
0.011371508291782685
0.011315014571995864
0.011260596105629819
0.011208187370118354
0.011157724347687508
0.011109144511322026
0.01106238681013925
0.011017391654161896
0.010974100898483358
0.010932457826821292
0.010892407134457287
0.010853894910562756
0.010816868619912774
0.010781277083991816
0.010747070461496854
0.01071420022824514
0.010682619156495491
0.01065228129369305
0.010623141940649032
0.010595157629167778
0.010568286099134367
0.01054248627507678
0.010517718242216858
0.010493943222024906
0.010471123547292458
0.010449222636737901
0.010428204969159048
0.010408036057146207
0.010388682420368502
0.0103701115584451
0.010352291923411763
0.01033519289179149
0.010318784736276523
0.010303038597026798
0.010287926452587845
0.010273421090428723
0.010259496077097996
0.010246125727992769
0.010233285076732941
0.01022094984412942
0.01020909640673167
0.010197701764936213
0.010186743510633872
0.01017619979436946
0.010166049291983342
0.010156271170699852
0.010146845054622817
0.01013775098959377
0.010128969407363205
0.010120481089020202
0.010112267127620264
0.010104308889945852
0.01009658797732818
0.01008908618545319
0.010081785463068671
0.01007466786950333
0.010067715530902435
0.01006091059507863
0.010054235184869946
0.010047671349891
0.01004120101655699
0.01003480593625404
0.010028467631523241
0.010022167340120331
0.010015885956807023
0.0100096039727253
0.010003301412201265
0.009996957766821368
0.009990551926620711
0.00998406210822124
0.00997746577975681
0.009970739582422844
0.00996385924849079
0.009956799515632322
0.00994953403740522
0.009942035289762998
0.009934274473463693
0.009926221412270883
0.009917844446861574
0.009909110324383331
0.009899984083635896
0.009890428935892925
0.009880406141427437
0.009869874881861451
0.009858792128526962
0.009847112507103784
0.00983478815889005
0.009821768599165842
0.00980800057323022
0.009793427910828684
0.009777991379843433
0.0097616285402938
0.00974427359989147
0.009725857272614217
0.009706306642006614
0.009685545031184671
0.009663491881817145
0.009640062644676954
0.009615168684703563
0.009588717203888208
0.009560611185687797
0.009530749365085758
0.009499026228844585
0.009465332050929023
0.009429552968511216
0.009391571104390052
0.009351264742051463
0.009308508559949647
0.00926317393187986
0.00921512930052039
0.009164240631317266
0.00911037195384116
0.009053385997529481
0.00899314492830272
0.008929511191875694
0.008862348468635366
0.00879152274368925
0.008716903494070454
0.008638364993087929
0.008555787729413853
0.00846905993569542
0.00837807921827238
0.008282754275998389
0.008183006692251334
0.008078772780046895
0.007970005455840824
0.007856676113249122
0.007738776463688431
0.007616320307029497
0.007489345191971147
0.007357913923206666
0.007222115870797995
0.007082068036720912
0.006937915834497485
0.006789833540358252
0.0066380243785856725
0.006482720209626566
0.0063241807971812
0.006162692639648708
0.005998567361799157
0.005832139674028496
0.00566376491862018
0.005493816234610819
0.005322681384612359
0.005150759297747542
0.00497845639219021
0.004806182748208035
0.00463434820770433
0.0044633584787855726
0.004293611323707759
0.004125492905689024
0.003959374364665861
0.0037956086843971924
0.003634527903771149
0.003476440714216116
0.0033216304732792802
0.003170353652248146