0.4409934869461331
0.44099315772461867
0.44099282083518265
0.44099247609924586
0.44099212333407084
0.4409917623526658
0.4409913929636838
0.44099101497132337
0.44099062817522366
0.4409902323703584
0.4409898273469276
0.44098941289024646
0.4409889887806313
0.44098855479328386
0.44098811069817145
0.440987656259906
0.44098719123761854
0.4409867153848325
0.44098622844933244
0.4409857301730314
0.4409852202918328
0.4409846985354928
0.44098416462747486
0.4409836182848052
0.44098305921792147
0.4409824871305214
0.4409819017194037
0.44098130267430935
0.44098068967775617
0.440980062404872
0.4409794205232216
0.44097876369263117
0.4409780915650085
0.4409774037841588
0.4409766999855953
0.4409759797963484
0.44097524283476547
0.44097448871031164
0.44097371702336163
0.4409729273649888
0.4409721193167484
0.4409712924504573
0.44097044632796606
0.44096958050092816
0.44096869451056286
0.440967787887412
0.440966860151092
0.4409659108100401
0.4409649393612544
0.4409639452900271
0.4409629280696737
0.4409618871612531
0.4409608220132845
0.4409597320614537
0.440958616728317
0.4409574754229942
0.4409563075408578
0.4409551124632122
0.44095388955696785
0.4409526381743064
0.44095135765233784
0.44095004731275134
0.4409487064614565
0.4409473343882161
0.44094593036627244
0.4409444936519622
0.4409430234843246
0.44094151908469914
0.44093997965631493
0.44093840438386966
0.44093679243309963
0.4409351429503394
0.44093345506207143
0.44093172787446466
0.4409299604729036
0.44092815192150514
0.4409263012626256
0.4409244075163555
0.44092246968000226
0.4409204867275628
0.44091845760918064
0.4409163812505945
0.4409142565525713
0.4409120823903266
0.4409098576129321
0.44090758104270994
0.4409052514746109
0.440902867675582
0.4409004283839148
0.44089793230858276
0.44089537812856094
0.440892764492131
0.44089009001616924
0.44088735328542045
0.4408845528517511
0.4408816872333898
0.440878754914147
0.44087575434261844
0.4408726839313689
0.44086954205609896
0.4408663270547907
0.44086303722683473
0.4408596708321379
0.44085622609020875
0.4408527011792225
0.4408490942350661
0.44084540335035916
0.4408416265734534
0.44083776190740975
0.44083380730895066
0.44082976068738927
0.440825619903534
0.4408213827685673
0.4408170470428999
0.44081261043499753
0.4408080706001824
0.4408034251394046
0.4407986715979889
0.44079380746434993
0.44078883016867937
0.4407837370816031
0.44077852551280755
0.44077319270963394
0.440767735855642
0.44076215206914027
0.4407564384016812
0.44075059183652554
0.44074460928706843
0.4407384875952317
0.4407322235298179
0.4407258137848294
0.4407192549777466
0.44071254364776913
0.440705676254016
0.4406986491736851
0.44069145870017135
0.44068410104114236
0.4406765723165699
0.44066886855671755
0.4406609857000822
0.44065291959128966
0.44064466597894264
0.4406362205134202
0.44062757874462744
0.4406187361196947
0.4406096879806254
0.4406004295618898
0.4405909559879668
0.4405812622708289
0.4405713433073707
0.4405611938767812
0.4405508086378568
0.44054018212625334
0.4405293087516777
0.4405181827950171
0.4405067984054035
0.4404951495972136
0.44048323024700087
0.44047103409036187
0.44045855471872963
0.4404457855760999
0.44043271995568156
0.44041935099647556
0.4404056716797767
0.4403916748255997
0.4403773530890254
0.44036269895646735
0.4403477047418574
0.44033236258274516
0.4403166644363152
0.4403006020753152
0.4402841670838962
0.4402673508533623
0.44025014457782763
0.44023253924977973
0.4402145256555458
0.44019609437066276
0.440177235755146
0.440157939948656
0.4401381968655634
0.4401179961899052
0.4400973273702355
0.44007617961436535
0.4400545418839902
0.44003240288920425
0.44000975108289764
0.4399865746550351
0.43996286152681524
0.4399385993447052
0.4399137754743509
0.43988837699436056
0.4398623906899571
0.4398358030464994
0.43980860024286944
0.4397807681447218
0.43975229229759394
0.4397231579198766
0.43969334989563735
0.4396628527673006
0.4396316507281771
0.43959972761484173
0.4395670668993591
0.43953365168135067
0.4394994646799053
0.43946448822532636
0.439428704250716
0.4393920942833931
0.43935463943614156
0.4393163203982886
0.4392771174266064
0.43923701033604057
0.43919597849025765
0.439154000792011
0.439111055673324
0.4390671210854859
0.4390221744888602
0.43897619284249967
0.43892915259357046
0.43888102966657866
0.4388317994523997
0.43878143679710674
0.43872991599059796
0.43867721075501726
0.4386232942329708
0.4385681389755331
0.43851171693004415
0.43845399942769325
0.43839495717089
0.4383345602204188
0.4382727779823777
0.43820957919489784
0.4381449319146439
0.4380788035030946
0.43801116061259987
0.43794196917221856
0.4378711943733299
0.43779880065502524
0.43772475168927355
0.4376490103658648
0.4375715387771299
0.4374922982024376
0.4374112490924695
0.4373283510532739
0.43724356283009985
0.43715684229101365
0.4370681464102974
0.43697743125163513
0.43688465195108667
0.4367897626998526
0.4366927167268351
0.4365934662809961
0.43649196261351964
0.4363881559597808
0.43628199552112756
0.43617342944648146
0.436062404813763
0.43594886761114776
0.4358327627181621
0.435714033886627
0.4355926237214544
0.4354684736613126
0.4353415239591637
0.4352117136626892
0.43507898059461303
0.43494326133293326
0.43480449119108067
0.43466260419801295
0.43451753307826274
0.43436920923195527
0.4342175627148144
0.434062522218171
0.433904015048999
0.43374196710999524
0.4335763028797269
0.43340694539287056
0.4332338162205655
0.43305683545090884
0.43287592166961864
0.4326909919408953
0.43250196178850997
0.43230874517715495
0.43211125449408516
0.4319094005310919
0.43170309246684113
0.43149223784962
0.43127674258052917
0.4310565108971654
0.4308314453578414
0.4306014468263882
0.4303664144575891
0.4301262456833003
0.42988083619931083
0.4296300799529957
0.4293738691318267
0.4291120941527997
0.428844643652842
0.42857140448026904
0.4282922616873597
0.4280070985241205
0.42771579643332047
0.4274182350468665
0.4271142921836097
0.42680384384866027
0.42648676423430343
0.42616292572260595
0.42583219888980606
0.4254944525125871
0.4251495535763346
0.4247973672854791
0.42443775707603704
0.42407058463045605
0.4236957098948828
0.42331299109896997
0.4229222847783431
0.422523445799856
0.4221163273897585
0.4217007811649114
0.4212766571671851
0.42084380390117676
0.4204020683753936
0.4199512961470407
0.41949133137056976
0.41902201685013324
0.4185431940961023
0.4180547033858049
0.4175563838286427
0.4170480734357502
0.41652960919435944
0.41600082714703673
0.4154615624759593
0.41491164959240023
0.41435092223159375
0.4137792135531499
0.41319635624718964
0.41260218264637427
0.411996524843995
0.4113792148182966
0.41075008456319984
0.4101089662255891
0.40945569224932954
0.40879009552616996
0.4081120095536896
0.407421268600438
0.40671770787841244
0.40600116372301137
0.4052714737805946
0.4045284772037735
0.40377201485454306
0.40300192951535996
0.4022180661082581
0.40142027192207896
0.40060839684788485
0.39978229362260304
0.39894181808093604
0.3980868294155541
0.3972171904455685
0.39633276789326033
0.3954334326690246
0.39451906016445665
0.39358953055349316
0.39264472910148435
0.39168454648205386
0.39070887910156615
0.3897176294309974
0.38871070634496563
0.3876880254676462
0.3866495095252629
0.3855950887048023
0.38452470101856684
0.3834382926741334
0.38233581844925024
0.38121724207115487
0.3800825365997508
0.37893168481404194
0.3777646796011647
0.37658152434732006
0.3753822333298492
0.37416683210965485
0.37293535792311067
0.37168786007255844
0.3704244003144343
0.36914505324401814
0.3678499066757472
0.3665390620179856
0.3652126346410909
0.36387075423756815
0.3625135651730607
0.3611412268268719
0.3597539139206806
0.3583518168340578
0.3569351419053703
0.3555041117166058
0.35405896536063747
0.352599958689408
0.35112736454149795
0.3496414729475213
0.3481425913117828
0.34663104456862154
0.3451071753118709
0.34357134389586447
0.3420239285064408
0.3404653252004137
0.3388959479120075
0.3373162284247989
0.33572661630774264
0.33412757881392907
0.33251960074077214
0.33090318425041126
0.32927884864918666
0.3276471301251495
0.32600858144266254
0.32436377159326896
0.32271328540212435
0.3210577230894183
0.3193976997863643
0.31773384500547
0.31606680206497856
0.3143972274675229
0.3127257902332225
0.31105317118762654
0.3093800622051011
0.3077071654084478
0.30603519232574117
0.3043648630055784
0.30269690509213204
0.3010320528616055
0.2993710462219015
0.29771462967751033
0.29606355126183354
0.2944185614393544
0.29278041198026084
0.29114985481031386
0.2895276408389327
0.28791451876863544
0.28631123388913987
0.2847185268595642
0.28313713248231276
0.28156777847233944
0.2800111842255915
0.2784680595905166
0.27693910364658564
0.27542500349383053
0.2739264330574238
0.2724440519113371
0.27097850412509755
0.2695304171376312
0.26810040066212154
0.2666890456257361
0.26529692314797465
0.26392458356126747
0.2625725554773158
0.2612413449025008
0.25993143440550787
0.25864328234011474
0.25737732212586906
0.25613396158915824
0.2549135823669169
0.25371653937496347
0.25254316034268237
0.251393745415487
0.2502685668262118
0.24916786863628174
0.24809186654721108
0.24704074778268256
0.24601467104115343
0.24501376651863685
0.24403813600101001
0.2430878530249111
0.24216296310600388
0.2412634840331126
0.24038940622647237
0.23954069315808302
0.23871728183192503
0.2379190833215685
0.2371459833625083
0.23639784299636307
0.23567449926391454
0.23497576594381048
0.2343014343336213
0.23365127406983652
0.23302503398329236
0.23242244298645237
0.23184321098891764
0.2312870298375074
0.23075357427724746
0.23024250292960857
0.22975345928436805
0.22928607270151025
0.22883995941964974
0.2284147235675331
0.22800995817527545
0.22762524618208999
0.22726016143739294
0.22691426969229783
0.22658712957865312
0.22627829357293144
0.22598730894243454
0.2257137186714485
0.22545706236514845
0.22521687712923283
0.22499269842344138
0.22478406088729044
0.2245904991365416
0.22441154852909634
0.22424674589918742
0.22409563025891338
0.223957743466335
0.22383263085951657
0.2237198418560611
0.22361893051784135
0.22352945608078162
0.22345098344968728
0.22338308365825285
0.22332533429451235
0.2232773198921117
0.22323863228789612
0.22320887094640948
0.22318764325199805
0.22317456476929523
0.22316925947294372
0.2231713599474818
0.22318050755837834
0.22319635259525628
0.2232185543883897
0.22324678139959458
0.2232807112886658
0.2233200309565324
0.22336443656632235
0.22341363354353458
0.2234673365565214
0.22352526947848148
0.22358716533215425
0.22365276621839816
0.22372182322981382
0.22379409635055475
0.2238693543434444
0.22394737462548678
0.2240279431328308
0.22411085417621487
0.22419591028787872
0.2242829220608992
0.22437170798186104
0.22446209425773853
0.22455391463782176
0.2246470102314789
0.22474122932250695
0.22483642718077831
0.22493246587185226
0.22502921406517754
0.22512654684147243
0.22522434549982662
0.22532249736503518
0.22542089559563044
0.22551943899304527
0.22561803181230392
0.22571658357460128
0.22581500888210013
0.22591322723524113
0.22601116285283324
0.2261087444951608
0.22620590529031617
0.22630258256394328
0.22639871767254857
0.22649425584051597
0.22658914600093982
0.22668334064036952
0.22677679564753794
0.22686947016613437
0.22696132645165892
0.2270523297323851
0.22714244807444184
0.22723165225101397
0.22731991561564696
0.22740721397963287
0.22749352549344534
0.22757883053217953
0.22766311158494912
0.22774635314818284
0.22782854162275923
0.22790966521490846
0.22798971384081282
0.22806867903482628
0.22814655386123284
0.22822333282946167
0.22829901181267462
0.22837358796963708
0.2284470596697824
0.22851942642138598
0.22859068880275007
0.22866084839631662
0.22872990772561289
0.2287978701949395
0.22886474003171278
0.2289305222313717
0.22899522250475807
0.2290588472278872
0.2291214033940182
0.22918289856794208
0.22924334084240292
0.22930273879656973
0.22936110145647842
0.22941843825736652
0.2294747590078212
0.2295300738556667
0.22958439325551716
0.22963772793792125
0.22969008888003103
0.2297414872777237
0.2297919345191113
0.22984144215937158
0.2298900218968381
0.2299376855502854
0.22998444503735221
0.23003031235403848
0.23007529955522557
0.23011941873615693
0.23016268201482903
0.2302051015152373
0.23024668935142428
0.23028745761228073
0.23032741834704665
0.23036658355146628
0.2304049651545457
0.2304425750058672
0.2304794248634128
0.23051552638185116
0.23055089110124022
0.23058553043610264
0.23061945566482595
0.2306526779193438
0.23068520817505275
0.2307170572409189
0.23074823574972914
0.23077875414843996
0.2308086226885788
0.23083785141664898
0.23086645016449162
0.23089442853955416
0.230921795915015
0.23094856141971376
0.23097473392783294
0.23100032204827556
0.2310253341136823
0.23104977816902866
0.2310736619597401
0.23109699291926086
0.23111977815600956
0.23114202443964885
0.23116373818659813
0.2311849254447075
0.23120559187701356
0.2312257427444877
0.23124538288768723
0.2312645167072101
0.23128314814285075
0.23130128065134847
0.23131891718261077
0.23133606015428956
0.23135271142457783
0.23136887226308728
0.23138454331966068
0.23139972459095487
0.23141441538463195
0.2314286142809731
0.23144231909172713
0.23145552681598444
0.2314682335928619
0.2314804346507603
0.23149212425294916
0.23150329563920857
0.23151394096324568
0.23152405122558065
0.2315336162015769
0.23154262436426862
0.23155106280161525
0.23155891712778515
0.23156617138804603
0.23157280795681026
0.23157880742834994
0.23158414849966807
0.2315888078449736
0.23159275998117185
0.23159597712374272
0.23159842903233543
0.2316000828453664
0.23160090290285487
0.2316008505566833
0.2315998839674156
0.23159795788674697
0.23159502342460198
0.23159102779982715
0.23158591407336845
0.23157962086273706
0.23157208203650462
0.2315632263874823
0.23155297728315855
0.2315412522918775
0.23152796278315527
0.23151301350042902
0.23149630210443506
0.23147771868531153
0.2314571452414063
0.231434455122664
0.2314095124363498
0.23138217141274503
0.23135227572833622
0.2313196577838876
0.23128413793467265
0.23124552367000836
0.23120360873912038
0.23115817222024274
0.2311089775297446
0.23105577136796585
0.23099828259834615
0.23093622105634415
0.2308692762845732
0.23079711619052815
0.23071938562324976
0.23063570486527746
0.23054566803627705
0.23044884140481253
0.23034476160486153
0.23023293375386972
0.23011282946939565
0.22998388478174958
0.22984549794046633
0.2296970271130045
0.2295377879747456
0.22936705119018694
0.22918403978621954
0.22898792641955598
0.22877783054177395
0.22855281546707076
0.22831188534973368
0.22805398208053496
0.2277779821138004
0.22748269323981155
0.2271668513205145
0.22682911701026284
0.22646807248755557
0.22608221822847288
0.22566996985780371
0.22522965511971743
0.22475951101628486
0.2242576811692143
0.22372221346783394
0.22315105807460628
0.22254206586827371
0.22189298741404154
0.22120147255992087
0.22046507076834715
0.2196812323023003
0.21884731039516084
0.21796056454315613
0.2170181650681769
0.216017199106534
0.2149546781854319
0.21382754755298158
0.21263269742884158
0.21136697634034307
0.21002720670245745
0.2086102027883654
0.20711279121982853
0.20553183408219372
0.20386425473682104
0.20210706636330966
0.2002574032144678
0.19831255450817192
0.1962700008119608
0.1941274526987088
0.1918828913657393
0.1895346108165429
0.1870812611057565
0.18452189204676012
0.18185599668041869
0.1790835537070072
0.17620506799576
0.17322160821271504
0.17013484055293648
0.16694705753307712
0.16366120079973726
0.1602808769426188
0.15681036537259882
0.153254617435648
0.14961924608441413
0.14591050561861085
0.14213526122929976
0.1383009483345931
0.1344155219670212
0.13048739675565
0.12652537832751254
0.12253858722068085
0.11853637664299402
0.11452824561434782
0.11052374918640476
0.10653240753358079
0.10256361574805598
0.09862655614724901
0.09473011481601758
0.0908828039622554
0.08709269147093693