2.041700711603617237e+05
1.523075567201661470e+05
1.126337006274222367e+05
8.263065515949975816e+04
6.017974732908415172e+04
4.354242659130662651e+04
3.132283713081456881e+04
2.242139291112794672e+04
1.598619820943025479e+04
1.136679716679074227e+04
8.072803070741184456e+03
5.738529009844292887e+03
4.093785637795973798e+03
2.940445154707161237e+03
2.134094131575544452e+03
1.570016472612062671e+03
1.172775601978188433e+03
8.887197733124294245e+02
6.807365953337321116e+02
5.244828084654010354e+02
4.051813963198932811e+02
3.142124352018245759e+02
2.455561552662535689e+02
1.934773884515502118e+02
1.528791398457689183e+02
1.208441998963780719e+02
9.590311159587761836e+01
7.628149808927518905e+01
6.064199375851974594e+01
4.829110082776179524e+01
3.842436851478001358e+01
3.058877874154547172e+01
2.429956187005127077e+01
1.929986527419208642e+01
1.532056915070447367e+01
1.214448056797568931e+01
9.609188444047072508e+00
7.584698490006394067e+00
5.975403492496949909e+00
4.702561991312508738e+00
3.684810146634763584e+00
2.877419252937679417e+00
2.240943801357090592e+00
1.742425153651025793e+00
1.342984731425868272e+00
1.029292601888602166e+00
7.816171653844827816e-01
5.928275919395410432e-01
4.488131865431932987e-01
3.508824964915532307e-01
2.702434112919669951e-01
2.091258811703001486e-01
1.579685742333230558e-01
1.229583422362000855e-01
8.740290180374124529e-02
6.557394700405874688e-02
5.245375832112354059e-02
4.172366671101378904e-02
3.258136935655817079e-02
2.467026445707083682e-02
1.725014286493615004e-02
1.200162813274900132e-02
8.670248814246645994e-03
6.457959215804295536e-03
4.542354314958815288e-03
3.267544344106800610e-03
2.396631056433081060e-03
1.713128435312043533e-03
1.233610674807578524e-03
8.695286057075855965e-04
6.182482000318571336e-04
4.372279788777886072e-04
3.086501200670727064e-04
2.148278852656981851e-04
1.494053475684736733e-04
1.035341281458077961e-04
7.079605043921738253e-05
4.802541667801796461e-05
3.215283734845989763e-05
2.107152727976058999e-05
1.341938316374895227e-05
8.322840310522034948e-06
5.055295637503813357e-06
2.982130303484799436e-06
1.721580067282282590e-06
9.863970779073153057e-07
5.641377653952295040e-07
3.261528227606470863e-07
1.928783187598125920e-07
1.152644656503597568e-07
6.873763928542783277e-08
4.102295182756342883e-08
2.181543584464926104e-08
8.711526292415624043e-09
6.286641819915083972e-11
-5.967951905849274153e-09
-9.873311812987151124e-09
-1.214319839075412781e-08
-1.298079132555317105e-08
-1.308357489935011733e-08
