1.645662680288377742e+05
1.221550811209438107e+05
8.996555036877488601e+04
6.579024372964573558e+04
4.780748706360642973e+04
3.454735151902779035e+04
2.484673208922390040e+04
1.780092557582643713e+04
1.271669079602073361e+04
9.069734299759516944e+03
6.468021577064649136e+03
4.621254609535901182e+03
3.316205778450235357e+03
2.397257951552420309e+03
1.751377253173789995e+03
1.296758370247012635e+03
9.744646886452176204e+02
7.424739204289759300e+02
5.715708840352725701e+02
4.424596080106921931e+02
3.433478308713348497e+02
2.673385348231489616e+02
2.096240434962480208e+02
1.656003850885028896e+02
1.311325281570683217e+02
1.038355622846035686e+02
8.250638607038654015e+01
6.567910566164009367e+01
5.223987126407975978e+01
4.160750450103665088e+01
3.310438496094813843e+01
2.634602566734556106e+01
2.091991677716955067e+01
1.660566103817942007e+01
1.317263436187450054e+01
1.043408322854407722e+01
8.249661895622956820e+00
6.506038861370850412e+00
5.121068329304212519e+00
4.027749572077389040e+00
3.151167354859503611e+00
2.455402852353808729e+00
1.907993340162953855e+00
1.480898227581010307e+00
1.136715097488411041e+00
8.670400537804839880e-01
6.541482339324932171e-01
4.935996565962806337e-01
3.720809200495914792e-01
2.925315928761830775e-01
2.256366698379424218e-01
1.751027482744852704e-01
1.320075878293996974e-01
1.031752458127331851e-01
7.258123072668565268e-02
5.440872127843851547e-02
4.388752336916375285e-02
3.514335484769221668e-02
2.755543738564705109e-02
2.089001421729391392e-02
1.452169525926647053e-02
1.004401738772605496e-02
7.242675710941596894e-03
5.403308902486561073e-03
3.787960011148222908e-03
2.722852260111040777e-03
2.000322020482464373e-03
1.429468917161506609e-03
1.030394394256639069e-03
7.260737773102910429e-04
5.168470845355062739e-04
3.660116200040927333e-04
2.588212860214398302e-04
1.802749046488466805e-04
1.254230940714669198e-04
8.685382690831221285e-05
5.919754511242811973e-05
3.993592906089636743e-05
2.652425327349741216e-05
1.719944411634965559e-05
1.081489349652644931e-05
6.623852676547812712e-06
3.988260765210166108e-06
2.345868684891443486e-06
1.364652426145600774e-06
8.007515414990388826e-07
4.770471754992663882e-07
2.916130564087445599e-07
1.840079859053335509e-07
1.173973167080677926e-07
7.465570458072556552e-08
4.732269377177327353e-08
2.736133041487674280e-08
1.318689843754179056e-08
3.507378896111972776e-09
-3.345299870672009034e-09
-7.870448244541724765e-09
-1.060545363610344961e-08
-1.181076927578893294e-08
-1.215657770240309234e-08
