3.216680390915398311e+04
2.346195169995654578e+04
1.709084074531080478e+04
1.244567992662941833e+04
9.068399574756418588e+03
6.617322137294280765e+03
4.839849879140340818e+03
3.550657597795821857e+03
2.614645886683357276e+03
1.933846428270267779e+03
1.437507043814654935e+03
1.074672301947413416e+03
8.086838914445470436e+02
6.131352824062435047e+02
4.689181935564682817e+02
3.620902197555844850e+02
2.823711760332962513e+02
2.221346490871460730e+02
1.757887257366849667e+02
1.394215034734974097e+02
1.105299502662373072e+02
8.762674411175058253e+01
6.966690945028805970e+01
5.557964682672109547e+01
4.432454084912096448e+01
3.527100613410000562e+01
2.809263383442875650e+01
2.237164099738181022e+01
1.777535852772009406e+01
1.412222812985424625e+01
1.119650981876718276e+01
8.872593198510070778e+00
7.005754473907021662e+00
5.528880085579555015e+00
4.368631562624430309e+00
3.455871431485485257e+00
2.733133635493168345e+00
2.143239189841175563e+00
1.676625182294898764e+00
1.325113642710879835e+00
1.009083685230969474e+00
7.589547261478161166e-01
5.740531480767434580e-01
4.413690370403073882e-01
3.265998147516834260e-01
2.427956035078823738e-01
1.792046749744989897e-01
1.362446719279990226e-01
1.043894819969804905e-01
8.471915969362757426e-02
6.605461349008789895e-02
5.141719767699454158e-02
3.909436447955191157e-02
3.014036511528881551e-02
2.243077021064950743e-02
1.697411333475805015e-02
1.294913644869931033e-02
9.811737088017706901e-03
7.378205349446177383e-03
5.507852319585688355e-03
4.063777100024219997e-03
2.989570952634404942e-03
2.200427205357922533e-03
1.618284134221404822e-03
1.181175784249171483e-03
8.608701546868184921e-04
6.265002115251183798e-04
4.536621926751773209e-04
3.275011569360685858e-04
2.348587593074443196e-04
1.673411918492385855e-04
1.180036726460521136e-04
8.210926156789499796e-05
5.611923679915002038e-05
3.763621891736990572e-05
2.474680010915886213e-05
1.596426026897748032e-05
1.016047715976183266e-05
6.430427653637196337e-06
4.083756950993098361e-06
2.628450529473914426e-06
1.737112412196137239e-06
1.182698541638720888e-06
8.285481830323957984e-07
5.911985120086208387e-07
4.291959827215098525e-07
3.121190124131595712e-07
2.258436586679806616e-07
1.620391899089842587e-07
1.156720414090595749e-07
8.057200935260706545e-08
5.644291516496353167e-08
3.778992822573425376e-08
2.493928078391268640e-08
1.594806337970801082e-08
9.736573496555907263e-09
5.455361744860161278e-09
2.677436904928919518e-09
9.421959585490004127e-10
-1.183440671100056677e-10
