4.549837251012194272e-01
4.538586421976250618e-01
4.524535035510707237e-01
4.507033018999727081e-01
4.485306513966691444e-01
4.458450180373919047e-01
4.425429491475769139e-01
4.385100347727733938e-01
4.336255999908937286e-01
4.277713516036902308e-01
4.208452186993607014e-01
4.127811210631752159e-01
4.035738831917116687e-01
3.933054084783880744e-01
3.821632804174128761e-01
3.704372318043101520e-01
3.584764960246785703e-01
3.466003316282053048e-01
3.349847844799368479e-01
3.235978990916110187e-01
3.122801321156247756e-01
3.009782139872143047e-01
2.899130740598228617e-01
2.793681633726317615e-01
2.692856153270303809e-01
2.594560782117039666e-01
2.500485556872195647e-01
2.410812710455403629e-01
2.322595918507985857e-01
2.238008783186744011e-01
2.154540082915120947e-01
2.073558992715054394e-01
1.990313315442573117e-01
1.907385266956236614e-01
1.823141204766119128e-01
1.737320115662077669e-01
1.649338116556265943e-01
1.559016296413751612e-01
1.467379157147220559e-01
1.375450361112885711e-01
1.283418169773720696e-01
1.193140621962090614e-01
1.105944404373154222e-01
1.022923300547067954e-01
9.445000423202781770e-02
8.711047461216341048e-02
8.028660678192350852e-02
7.392447305480738529e-02
6.799072120731068647e-02
6.247597275297436803e-02
5.732659098385717300e-02
5.252390703156280261e-02
4.804847727783070899e-02
4.390401441246756520e-02
4.007433581232307945e-02
3.655223340542369109e-02
3.332607225114355559e-02
3.038019007441853520e-02
2.769137269700698567e-02
2.523697241775450101e-02
2.300060798139340681e-02
2.096291998803708617e-02
1.910503769560558535e-02
1.739172453490072517e-02
1.579159173480157094e-02
1.427427662159616410e-02
1.282589497750137586e-02
1.143989919532894042e-02
1.013389056303438777e-02
8.916879075075089325e-03
7.808237014048811583e-03
6.819239641958131128e-03
5.948116262230554799e-03
5.183061801889992000e-03
4.534920948525663839e-03
3.999177230467720022e-03
3.565365452363567205e-03
3.194433474790525033e-03
2.864547551291380875e-03
2.532704431813490118e-03
2.221520775849193316e-03
1.949339515819888775e-03
1.718843817859881228e-03
1.490467120933994249e-03
1.298143028798434857e-03
1.148057912143452854e-03
1.020326378619116313e-03
8.797557651230715307e-04
7.731832342840153516e-04
6.750875379147566789e-04
5.949031296621875957e-04
5.133866995166321261e-04
4.468487015916142472e-04
3.921317111173992223e-04
3.410169717506068236e-04
2.895692087052698549e-04
2.446828927732545476e-04
2.025479053632551747e-04
1.660039299238780437e-04
1.230660690205979024e-04
