1.367285070489594911e+00
1.365253056502278906e+00
1.362712879955352507e+00
1.359545224389755003e+00
1.355607252732383250e+00
1.350730613575960692e+00
1.344721002276614730e+00
1.337360553678436315e+00
1.328414877070440703e+00
1.317647084669387514e+00
1.304841472877451114e+00
1.289839094238366846e+00
1.272585443648607928e+00
1.253185652407896367e+00
1.231953787337696671e+00
1.209430423203461391e+00
1.186331423492281933e+00
1.163394280959028526e+00
1.141129133991823252e+00
1.119575810542607908e+00
1.098276570287169740e+00
1.076640049177851832e+00
1.054495016809082308e+00
1.032116032215488532e+00
1.009399090614339300e+00
9.855748715293980444e-01
9.604204436463290584e-01
9.339758080780509175e-01
9.054719605928462922e-01
8.751921875262893558e-01
8.426819242400332977e-01
8.083030490997207274e-01
7.719658396900554997e-01
7.341836389841539523e-01
6.955311946078231999e-01
6.565326574426314510e-01
6.178271940415210883e-01
5.797704762709382509e-01
5.427961987407777800e-01
5.072273784719522061e-01
4.731409910360148685e-01
4.405632082466683364e-01
4.094690942859003369e-01
3.798255854085773597e-01
3.515457598090954150e-01
3.246378914331317089e-01
2.991160559106670891e-01
2.749929763522062087e-01
2.523070144803497006e-01
2.310965051880571886e-01
2.113473857549468260e-01
1.930515734212719103e-01
1.761856824512953723e-01
1.607272118700075747e-01
1.466031603758414237e-01
1.337283001789012216e-01
1.220152461835504742e-01
1.113411353819855620e-01
1.015721271704002476e-01
9.258719519072852733e-02
8.431095136301507142e-02
7.674957916144427295e-02
6.982851876382289991e-02
6.340929840422687702e-02
5.735040275284841033e-02
5.154231508424382546e-02
4.597777499474874768e-02
4.073333418663929728e-02
3.596854013708637027e-02
3.171409519110930664e-02
2.800074425872330075e-02
2.484783002337725630e-02
2.209921731115499846e-02
1.960012124517757776e-02
1.741696554827729809e-02
1.549295983063562338e-02
1.384684363124299294e-02
1.232583869090148401e-02
1.102666786316550129e-02
9.792594478087997961e-03
8.730674255421840696e-03
7.790399402998994353e-03
7.002737952223519850e-03
6.250287613133584039e-03
5.598981037267142767e-03
5.001800750571431219e-03
4.493094951311257627e-03
4.026622705439141664e-03
3.648025217476889414e-03
3.289640588984400239e-03
2.977430248641432190e-03
2.674098946214198760e-03
2.403499191662630992e-03
2.141800094268994648e-03
1.902561822125340123e-03
1.661443059829139333e-03
1.439478559327472037e-03
1.223807741652471141e-03
1.024469784356175570e-03
8.209945094898250242e-04
