3.284470641184681881e+04
2.395676892632370073e+04
1.745009662119760833e+04
1.270535348680297466e+04
9.255421855160155246e+03
6.751653341501686555e+03
4.936157732741493419e+03
3.619641790227093679e+03
2.664063028520989519e+03
1.969290318815206547e+03
1.462994455237088914e+03
1.093077456012092398e+03
8.220573128425580762e+02
6.229355587854007581e+02
4.761790344004501208e+02
3.675401416791770544e+02
2.865192446713410277e+02
2.253327093575751690e+02
1.782780342702137375e+02
1.413690818456275622e+02
1.120567773743466233e+02
8.882680909774728661e+01
7.061556737927317329e+01
5.633417228600801252e+01
4.492552501368400897e+01
3.574930139208201041e+01
2.847421878316533039e+01
2.267636267220352764e+01
1.801835059929335969e+01
1.431609858802167423e+01
1.135096306857426995e+01
8.995542110269349578e+00
7.103553748819608771e+00
5.606522555233862448e+00
4.429952794341301292e+00
3.504099592157756682e+00
2.771146329021794141e+00
2.173496447081954663e+00
1.700802041127438491e+00
1.345146016992129434e+00
1.023789376171332366e+00
7.672187965375287799e-01
5.765332726284319032e-01
4.402773614813615954e-01
3.178475275313289439e-01
2.274928656294244733e-01
1.573776716546128329e-01
1.127437786713208767e-01
8.203197839811172953e-02
7.201010390316771315e-02
5.751656956463475912e-02
4.664837839667333730e-02
3.483349557235706356e-02
2.851125774361104245e-02
1.853218234444043572e-02
1.392857950762657442e-02
1.208603887353565040e-02
1.020712553246640349e-02
8.264183306736281806e-03
6.343567012801497318e-03
4.270657571548472364e-03
2.857806681742864913e-03
2.046972282768551397e-03
1.551891192742111888e-03
1.071359632185600770e-03
7.718124624202878006e-04
5.773525497828079812e-04
4.154627435752216466e-04
3.039085431144973094e-04
2.152462765811405236e-04
1.546974294012575251e-04
1.099252005984168671e-04
7.741387624453627931e-05
5.279013565992106226e-05
3.557843888863733065e-05
2.365217794576380628e-05
1.532789217592147986e-05
9.901329189371964643e-06
6.429987034017430702e-06
4.210094142021702538e-06
2.791911426770758956e-06
1.914355474945768075e-06
1.375145618986613880e-06
1.009246013588536654e-06
7.535585124453794873e-07
5.702610736402790872e-07
4.298585332288579110e-07
3.209588216039583620e-07
2.370304200162152154e-07
1.713681250816460416e-07
1.212539511208908610e-07
8.414306640645519420e-08
5.596810366786344782e-08
3.528461775170236191e-08
2.059885352677377441e-08
1.021495755881737940e-08
3.172642037174494032e-09
-1.405147610945546803e-09
-4.102352742928061593e-09
-5.550430681253376698e-09
