7.821550733832919504e+05
6.127210106875472702e+05
4.733139841388486675e+05
3.606377971265319502e+05
2.711175016058108304e+05
2.011627078313956154e+05
1.473659919928111194e+05
1.066348063338704815e+05
7.626358351938660780e+04
5.395751307336182799e+04
3.782114852270775009e+04
2.632440678887161630e+04
1.825657677736413461e+04
1.267646591330273259e+04
8.864342574431160756e+03
6.279170079401756084e+03
4.522824833750099970e+03
3.311428332036690335e+03
2.452447248519953064e+03
1.824900820218653507e+03
1.359526947998339892e+03
1.017448596383803647e+03
7.705431637433281367e+02
5.913160637649701812e+02
4.563826764605450421e+02
3.532254286562726406e+02
2.756654001042547861e+02
2.164013914891670538e+02
1.702392198040122366e+02
1.345923615478265276e+02
1.065730251042268719e+02
8.463778861020473698e+01
6.718581275525377805e+01
5.342083367085682255e+01
4.251596665998457070e+01
3.382520612229246382e+01
2.688296681354561812e+01
2.132888242086744768e+01
1.689982227128838588e+01
1.337635445922281541e+01
1.056001047596550180e+01
8.320726212888768458e+00
6.543290489385602093e+00
5.134905201900319405e+00
4.017632753277663227e+00
3.134632965301237029e+00
2.437320576953244444e+00
1.889519333976214188e+00
1.460250991205688020e+00
1.129785521850706687e+00
8.706282702498572279e-01
6.698956080299163229e-01
5.121731284961866804e-01
3.928734231139163757e-01
2.947373761060752551e-01
2.230771927911642527e-01
1.711924133726237807e-01
1.311063671955039200e-01
9.975898931128079905e-02
7.499521991434980606e-02
5.477541483562962943e-02
3.982856102550674099e-02
2.922740843734587118e-02
2.159025060965208062e-02
1.560535715075874776e-02
1.132544028634019026e-02
8.243013957208267933e-03
5.928836669539760268e-03
4.258998572593518557e-03
3.026763780081362376e-03
2.148915274384731022e-03
1.516720715293151363e-03
1.065416107631902542e-03
7.417386941168688328e-04
5.141964184261558872e-04
3.547164840116447115e-04
2.429611662706565925e-04
1.657148978807046480e-04
1.124826983353219539e-04
7.587469262249922955e-05
5.075122818582025107e-05
3.365254771296549935e-05
2.210342728495747871e-05
1.428313070950746083e-05
9.049760375317537502e-06
5.597618169770863233e-06
3.361420045172606141e-06
1.951307267797703925e-06
1.089490624632074604e-06
5.817762479214285958e-07
2.940100742716791746e-07
1.399579825127238950e-07
5.908963507017890430e-08
1.885241982464679974e-08
3.482139313333423676e-11
-8.703054251138207305e-09
-1.246031719598473356e-08
-1.365181751855377047e-08
-1.323643442367749384e-08
-1.260429543785348197e-08
