4.743066033189974329e-02
4.734389146201210125e-02
4.723538898789699653e-02
4.710002706941564254e-02
4.693165320182030725e-02
4.672298770057917161e-02
4.646557900911095496e-02
4.614986214147289573e-02
4.576538572398732019e-02
4.530128913636393556e-02
4.474711465884535777e-02
4.409401050515154852e-02
4.333628839324947524e-02
4.247310830607415461e-02
4.150975955319846644e-02
4.045766322781908092e-02
3.933209747809281870e-02
3.814725987165319687e-02
3.691017827017595981e-02
3.561780659654782688e-02
3.426255343003035969e-02
3.284536009015948804e-02
3.138239801608166263e-02
2.989024693750058637e-02
2.836861337306620726e-02
2.682433175022849031e-02
2.529802021420747560e-02
2.380684774018847205e-02
2.232138499844847981e-02
2.084554938195384496e-02
1.939638388005136133e-02
1.800506627555148106e-02
1.668548712980414545e-02
1.540871856037625588e-02
1.421242133078044582e-02
1.308335016364201887e-02
1.205413210549107286e-02
1.108226911830915117e-02
1.021411104749643008e-02
9.395344697260018738e-03
8.629624697359653332e-03
7.934070156769128593e-03
7.312111367697498795e-03
6.756297232724116537e-03
6.235131217725804927e-03
5.757500313511052653e-03
5.318045506671770055e-03
4.909694709169314455e-03
4.532220595882466632e-03
4.180642029134021623e-03
3.851466847057110655e-03
3.529409611677694885e-03
3.236643082723839483e-03
2.952166435811752129e-03
2.697483530736132645e-03
2.448744431243685821e-03
2.222254384291574587e-03
2.012925590228708400e-03
1.822349708161197235e-03
1.650916172611772200e-03
1.492961313329318768e-03
1.349381642987592181e-03
1.220358665383033557e-03
1.099453201677416973e-03
9.894997887339206447e-04
8.875547664342972468e-04
7.932729525277645941e-04
7.073484242797796083e-04
6.280773220642106927e-04
5.560344330783578530e-04
4.900966499211869415e-04
4.307406590662861239e-04
3.777683597069910870e-04
3.297628573608625264e-04
2.878181358137013373e-04
2.511449178975647253e-04
2.191529849809199793e-04
1.914523327200516741e-04
1.670541783121271115e-04
1.453541068593681063e-04
1.255053495346117971e-04
1.076550565943619535e-04
9.159500262606859922e-05
7.719962544529595432e-05
6.514911044794012324e-05
5.566213980684079710e-05
4.784494493106377267e-05
4.048904307126360158e-05
3.388859267489470792e-05
2.856653315151591049e-05
2.441171198322145459e-05
2.090141646448448581e-05
1.733562392960743482e-05
1.475035065230146536e-05
1.246820416316037497e-05
1.018986326872995161e-05
8.672221690548327061e-06
7.429150483538011619e-06
6.557665883409541202e-06
3.753146656339766468e-06
