9.963213377519667847e+05
7.906561291517259087e+05
6.181815849865686614e+05
4.762588174657316995e+05
3.616097410216284334e+05
2.706395859558998491e+05
1.997097217614090187e+05
1.453460383497292351e+05
1.043799332648960699e+05
7.402777150714365416e+04
5.191999565900090965e+04
3.609317566112982604e+04
2.495798816421652737e+04
1.725432937468742966e+04
1.200229790060885716e+04
8.455177151524974761e+03
6.058037806484342582e+03
4.413160740165715652e+03
3.251086879665032029e+03
2.404005693304642136e+03
1.777517255885530403e+03
1.319506365318353119e+03
9.917538830091336877e+02
7.560066730757511095e+02
5.797463636855674167e+02
4.459006068357487607e+02
3.461411418522258714e+02
2.704958116705409452e+02
2.119492915552363286e+02
1.670470404554891957e+02
1.319402624779709186e+02
1.045963067944593234e+02
8.291982558233944189e+01
6.588278291410286158e+01
5.242105027911573245e+01
4.171097800921258170e+01
3.316475039219938736e+01
2.633077042897895126e+01
2.088195037028888024e+01
1.654639378477529732e+01
1.307872713213103211e+01
1.031952687747553554e+01
8.127231190221303692e+00
6.387928223263883432e+00
5.007010262522851640e+00
3.914426787256169771e+00
3.050903252904611396e+00
2.371145660884307116e+00
1.837240701313039182e+00
1.422739035721179990e+00
1.097841983355590578e+00
8.453476005635807145e-01
6.476150277403810440e-01
4.965438650710491952e-01
3.749110647659336104e-01
2.842973112451855910e-01
2.172773778428708780e-01
1.656611837268795462e-01
1.256250105090432057e-01
9.437080351266631528e-02
6.942127563664649004e-02
5.084280100382129741e-02
3.741710642159758876e-02
2.762043688896140617e-02
2.005850053039743772e-02
1.458494741261735089e-02
1.060900731126078640e-02
7.642272203370725943e-03
5.491181466988408373e-03
3.909907290094922702e-03
2.777212879119031301e-03
1.961141936040416631e-03
1.377787096722292827e-03
9.601889947224073654e-04
6.659091546419688371e-04
4.593448913940386454e-04
3.146717083988457512e-04
2.145188400890482344e-04
1.454901923984749912e-04
9.810253238070587556e-05
6.569091712585157052e-05
4.369330275757796309e-05
2.886071997171221431e-05
1.883954317698008628e-05
1.211827660998052941e-05
7.648473642016908908e-06
4.711309406098938241e-06
2.818653815437931782e-06
1.628992037973025295e-06
9.046685536832402332e-07
4.790868341176606987e-07
2.412843405112366559e-07
1.122966545729136222e-07
4.592612668121097235e-08
1.369689354919998910e-08
-1.507511608351082486e-09
-8.231748012364103138e-09
-1.073489399847704217e-08
-1.092214880620329666e-08
-1.061016154361847008e-08
