2.109009803767164328e+02
1.696470726030876506e+02
1.367172422031779035e+02
1.103011113788312514e+02
8.902296962684965820e+01
7.182815934108857903e+01
5.790126245525934223e+01
4.660681400067145574e+01
3.744579147482328096e+01
3.002286619571105675e+01
2.402076251271643414e+01
1.917956046519730506e+01
1.528084924764822716e+01
1.213911013634190184e+01
9.603728698853249313e+00
7.570907459332812728e+00
5.991350607915872040e+00
4.844375965468562306e+00
4.061050747365621660e+00
3.451829870100935338e+00
2.784862416212120717e+00
2.052917403387195527e+00
1.558415769683517249e+00
1.418018312548862569e+00
1.227324445019234433e+00
8.614902109714895895e-01
7.087373217288097660e-01
6.130348824014338893e-01
4.471392099268228226e-01
3.758247071671055872e-01
2.858084371099092746e-01
2.403015821510801064e-01
1.697324785497323629e-01
1.342043096453382767e-01
1.132142214571645045e-01
9.281786978993039616e-02
7.345878990193670244e-02
5.543723749081498620e-02
4.200245765502959305e-02
3.259647638418437798e-02
2.454516180229055974e-02
1.858098738331613251e-02
1.420158213114427505e-02
1.093438871951660056e-02
8.345958991889610920e-03
6.406315238023951343e-03
4.899071513472079593e-03
3.762894479036776960e-03
2.898323236779654869e-03
2.231949379093778937e-03
1.716944260109349186e-03
1.319977097354415501e-03
1.011753717033433281e-03
7.727573537937035362e-04
5.860897375872007676e-04
4.416206825209846522e-04
3.304793401560064485e-04
2.457153602807969780e-04
1.818870845461701834e-04
1.349651281384121459e-04
1.008022491263085868e-04
7.498570567503918345e-05
5.637355052440027453e-05
4.314596189400642302e-05
3.293777535785724419e-05
2.535452114806130162e-05
1.949015960612824542e-05
1.490779254095362215e-05
1.143837125107343484e-05
8.806482969950155646e-06
6.736920814646367604e-06
5.052155089241895375e-06
3.753261326538093587e-06
2.804010230256288255e-06
2.046797024414325149e-06
1.508785207520782621e-06
1.106960022452600813e-06
7.928166832447213838e-07
5.653830920526965573e-07
4.022512706682561550e-07
2.862409976682640673e-07
1.984087263882283122e-07
1.379119610745229002e-07
9.649777097237833305e-08
6.318714934586382140e-08
4.339794101359036599e-08
2.894346146795269013e-08
1.863733840856896454e-08
1.294807558772191711e-08
8.227606539012212943e-09
5.372542169574987661e-09
3.649472244770268560e-09
2.029660466828391033e-09
1.270522031246157952e-09
7.571731845857955164e-10
5.374409997129554703e-10
2.871809763613969982e-10
1.590765201206689163e-10
6.596351428626691519e-11
3.059626423054503830e-11
