1.292452177142487199e+05
9.547959910480162944e+04
7.005225951013540907e+04
5.108509292197186733e+04
3.705731373654986965e+04
2.676178938501942685e+04
1.925689944835107235e+04
1.381924862502092037e+04
9.900454268604344179e+03
7.089610314364471378e+03
5.081900491609712844e+03
3.653124713173028340e+03
2.639516982105531952e+03
1.922075783722263850e+03
1.414618860220454053e+03
1.054851190934389251e+03
7.978485908901712946e+02
6.114635572752411008e+02
4.732061493470751543e+02
3.681042932406147088e+02
2.869420366068511044e+02
2.243154703821014664e+02
1.764621300908735577e+02
1.397518794267733995e+02
1.108842742756603457e+02
8.794017319006285049e+01
6.994951571395321821e+01
5.571840273706034452e+01
4.433187794813990479e+01
3.530910944861940237e+01
2.808685635792886259e+01
2.234291026234020450e+01
1.773075922664489923e+01
1.406381814917010686e+01
1.114727910363827590e+01
8.822723992200049992e+00
6.970333367157377502e+00
5.492007910055153097e+00
4.318766370354958362e+00
3.395158453201225335e+00
2.650859036578499861e+00
2.059514994088395667e+00
1.595651943118892913e+00
1.235817691339343494e+00
9.433710723465280612e-01
7.150700114292396492e-01
5.349424868266339228e-01
4.011042171086204311e-01
3.008239872117914881e-01
2.384573186103184916e-01
1.843658879988134269e-01
1.436392876627182180e-01
1.080586476187821166e-01
8.489463425468064817e-02
5.901968329671411495e-02
4.421468298967572153e-02
3.601083691041861296e-02
2.905155929323984323e-02
2.288102821032301712e-02
1.737050654668979843e-02
1.200367067470653644e-02
8.253092643404465190e-03
5.940945653408536038e-03
4.440443911878610463e-03
3.102968164598304390e-03
2.229281704237908064e-03
1.640860157761541305e-03
1.172638943653219086e-03
8.464585895362766949e-04
5.965508866315604331e-04
4.253522644203452008e-04
3.017584043279303557e-04
2.137966138566800979e-04
1.489847708863925439e-04
1.036013517021793965e-04
7.157670876987241707e-05
4.851601908576667308e-05
3.246503041079124398e-05
2.134013833136688497e-05
1.367090377535439994e-05
8.487641778943199553e-06
5.147843509492789622e-06
3.093966844803545373e-06
1.836366629842045696e-06
1.095032053508394484e-06
6.712664970325946219e-07
4.238321040347747389e-07
2.763296531406565959e-07
1.855032341099770823e-07
1.249167821951664590e-07
8.331502679326887123e-08
5.502482548794241355e-08
3.366751750725660157e-08
1.812387299358196510e-08
7.275354676795569174e-09
-4.606345818654571721e-10
-5.635405849172256080e-09
-8.850897970869873435e-09
-1.043454674373265838e-08
-1.103850141813276054e-08
