9.238001140410966473e+05
7.300269283766119042e+05
5.685316208173170453e+05
4.364190677748993621e+05
3.302759908015042311e+05
2.464773479360619676e+05
1.814363741453695111e+05
1.317880760477565345e+05
9.450680429164064117e+04
6.696605832796909090e+04
4.695273695010269876e+04
3.264915983013698860e+04
2.259522665946007692e+04
1.564096351688658069e+04
1.089716818834053083e+04
7.689368372882484437e+03
5.518020848319913057e+03
4.025754071037295944e+03
2.970390717641493211e+03
2.200674092958331130e+03
1.631011274475300752e+03
1.213873735929813165e+03
9.145692930748002709e+02
6.986639297109053359e+02
5.368922616028660286e+02
4.137897168935174363e+02
3.217801200802996391e+02
2.518388705917975869e+02
1.975948798479137736e+02
1.558988588767792862e+02
1.232413612234657592e+02
9.776168565732672278e+01
7.753831020659642093e+01
6.162428115348206603e+01
4.903846988596608725e+01
3.901916160273075462e+01
3.102099559595351863e+01
2.462396534994073605e+01
1.952305081068914561e+01
1.546441318747615945e+01
1.221882827585932318e+01
9.636908007969093859e+00
7.586088311751957747e+00
5.959654966621648065e+00
4.668728273579523247e+00
3.647719335865806212e+00
2.840997975242314233e+00
2.206336730533965174e+00
1.708194148391781741e+00
1.322363400084006990e+00
1.019934354151917688e+00
7.851392055121075852e-01
6.011141021261320327e-01
4.609206723596786515e-01
3.473609264282267461e-01
2.632484057803367028e-01
2.014192824022853490e-01
1.537631425876218594e-01
1.167147349994872435e-01
8.769365746515761506e-02
6.437159297417174852e-02
4.704305547486224703e-02
3.459042065102355124e-02
2.553832839624066431e-02
1.852004260877719230e-02
1.345835766477846730e-02
9.790967416987520280e-03
7.049606810866151062e-03
5.064825166999712899e-03
3.604195542453616889e-03
2.559644628553759630e-03
1.807192711938128893e-03
1.269543471674949896e-03
8.844601820624394505e-04
6.132941304755549616e-04
4.230425656327538439e-04
2.897793168712435368e-04
1.975725330560723712e-04
1.340291038169196067e-04
9.038943556288669338e-05
6.051439187502643060e-05
4.022206126911247989e-05
2.653083570107539013e-05
1.727185081077426841e-05
1.106303312803463486e-05
6.941622262347719972e-06
4.243517744739095644e-06
2.515477305650322715e-06
1.438222696538051855e-06
7.889162019912118081e-07
4.117065602625371612e-07
2.037842026438864796e-07
9.227682744473129472e-08
3.558683676830621804e-08
8.428005603831309910e-09
-4.278932368956622747e-09
-9.832311762905957372e-09
-1.180504501061575303e-08
-1.174270541187295683e-08
-1.130199577185116903e-08
