3.264432074167444298e-01
3.256081038158292196e-01
3.245650068658976206e-01
3.232655639641209278e-01
3.216521687458465117e-01
3.196573509494005094e-01
3.172038863889533045e-01
3.142061603368536127e-01
3.105735110157767931e-01
3.062164419872434040e-01
3.010566010202985754e-01
2.950410504069431727e-01
2.881602456240708876e-01
2.804668844437488984e-01
2.720892204103009249e-01
2.632283677996001825e-01
2.541275703526997831e-01
2.450084560331902139e-01
2.359918125293386515e-01
2.270554141897681844e-01
2.180968355739598130e-01
2.091017335864685245e-01
2.002546382477602693e-01
1.917738621138652677e-01
1.836245730307469182e-01
1.756686180847966683e-01
1.680415400439428386e-01
1.607974725910515934e-01
1.537967803491554486e-01
1.472082820216980004e-01
1.408649488322951671e-01
1.348795193521075686e-01
1.290526082130748764e-01
1.233639577221674194e-01
1.178373184475277058e-01
1.123133662944575950e-01
1.068433005349717080e-01
1.012942129329596208e-01
9.563616431345647872e-02
9.000617561797848165e-02
8.429727074566395473e-02
7.860797794779779413e-02
7.302953151247042196e-02
6.761663218291204258e-02
6.242880747433099398e-02
5.751498470322779361e-02
5.290757494452298648e-02
4.863880751718543255e-02
4.469842640655395660e-02
4.106179354751506722e-02
3.770441465268479370e-02
3.457626996566123823e-02
3.168655006723484352e-02
2.899527742424901425e-02
2.649633450240940907e-02
2.418853626690802699e-02
2.206029101486179159e-02
2.010279159875055094e-02
1.831319195477526182e-02
1.667016246897877821e-02
1.516800056119305476e-02
1.379458974142386794e-02
1.253842009808073601e-02
1.138383656112376338e-02
1.031301582148019987e-02
9.308046748015399996e-03
8.361363157882750405e-03
7.461369362707324926e-03
6.617468164789463807e-03
5.828604533517110081e-03
5.103300552076020166e-03
4.448552764341244525e-03
3.866898101110075297e-03
3.355891651546251148e-03
2.923949426751427938e-03
2.569799947222620000e-03
2.287292853897715788e-03
2.052450324228305596e-03
1.846042190085043187e-03
1.639589519395170643e-03
1.441427205044050214e-03
1.261896582755232506e-03
1.104051379162771917e-03
9.480244541081992880e-04
8.198260229473302955e-04
7.272032152153464629e-04
6.487141925960453366e-04
5.559572532665890601e-04
4.837806977382825765e-04
4.188053028034774005e-04
3.678436031973515729e-04
3.151174513020137840e-04
2.706778148539526344e-04
2.362341548429461790e-04
2.034837756137493770e-04
1.707457530837405560e-04
1.436746969506599923e-04
1.179488451913838159e-04
9.639578711013241711e-05
6.867657375356469641e-05
