3.186288125195011922e+00
3.184368768302162866e+00
3.181955490645569817e+00
3.178924194036094608e+00
3.175121477785390223e+00
3.170358934432776277e+00
3.164407175118367554e+00
3.156990266881354312e+00
3.147781878109138010e+00
3.136405400442756175e+00
3.122441740775027785e+00
3.105450315955840423e+00
3.085010569832063787e+00
3.060791591822010993e+00
3.032652762084144804e+00
3.000762786512962688e+00
2.965691041075005696e+00
2.928374888291204403e+00
2.889831471674116248e+00
2.850554350813681026e+00
2.809839191616891441e+00
2.765750872771180813e+00
2.716395401171721513e+00
2.661582374815815832e+00
2.602134349087381171e+00
2.537171528561575240e+00
2.465327758550857062e+00
2.387536146690671490e+00
2.303919956308700723e+00
2.215065986271118614e+00
2.121936189958575358e+00
2.025856217802129766e+00
1.928271099108359588e+00
1.830015747605329146e+00
1.732429096199654017e+00
1.636521909570358924e+00
1.542906000672217282e+00
1.451811749496212833e+00
1.363044599293413484e+00
1.276784691062172516e+00
1.193222981561061102e+00
1.112324276370383780e+00
1.034257245185594476e+00
9.592731577785148511e-01
8.875958011034752460e-01
8.193441919351776015e-01
7.546242669232531286e-01
6.934958853893277153e-01
6.359868427988013551e-01
5.821471431355960124e-01
5.319717956181501117e-01
4.854296363532371039e-01
4.425279807453066927e-01
4.031875936265184590e-01
3.672353509959211948e-01
3.343721337021492990e-01
3.042916765645160559e-01
2.766543842169212897e-01
2.510298228884693672e-01
2.271456956417186313e-01
2.049671358872371674e-01
1.848987575472292311e-01
1.668690461995893382e-01
1.504849645880512732e-01
1.353618612715136449e-01
1.211713276904786141e-01
1.079198313973144807e-01
9.580468930123375859e-02
8.520853713208509372e-02
7.589359290628960864e-02
6.769845419461247016e-02
6.068681442475497984e-02
5.448000994787643297e-02
4.876641558143784277e-02
4.381871131492916238e-02
3.936224691623782523e-02
3.552977929686262221e-02
3.191339327801213932e-02
2.887410739887349281e-02
2.608990473978603161e-02
2.370402038841388712e-02
2.155473091825542073e-02
1.967696567563135754e-02
1.794789668489869122e-02
1.642977325773106040e-02
1.499976322869297357e-02
1.375511512324713304e-02
1.262653111706464430e-02
1.163971036443471781e-02
1.067681129711847698e-02
9.796288388457004628e-03
8.934338839245579283e-03
8.117827958323484139e-03
7.310407860433978076e-03
6.554438358803062886e-03
5.803881532612190780e-03
5.088910694571619278e-03
4.379923182350841000e-03
3.702395614028485861e-03
3.023171688985626208e-03
