1.515443074567272788e+03
1.162363058350863867e+03
8.974818305550276136e+02
6.972825778212825298e+02
5.447839031343602301e+02
4.276971653508084614e+02
3.371012451909210199e+02
2.664924797579015490e+02
2.111049183042859454e+02
1.674242772620682445e+02
1.328399740410114873e+02
1.053950921024898690e+02
8.360549873669057774e+01
6.632778591268495916e+01
5.266222506505867074e+01
4.188226918311312374e+01
3.338655150328978749e+01
2.667201996950502263e+01
2.132577574602341386e+01
1.702732362702886348e+01
1.354777445964369598e+01
1.073861047699932314e+01
8.510195420609262484e+00
6.779238258632303449e+00
5.396746805358367816e+00
4.239220715417014063e+00
3.360016933058422417e+00
2.683594858196288513e+00
2.089810847517183046e+00
1.671191072202476757e+00
1.302288204653911041e+00
1.061865174832321790e+00
7.669598316473446031e-01
6.024834726691434827e-01
5.276639557942328640e-01
4.616144499509207688e-01
3.821170344467962332e-01
2.835964781218862085e-01
2.115297572980258112e-01
1.692118682786849237e-01
1.195315667924806841e-01
8.635948739005874786e-02
6.491796332777813316e-02
5.034391981590402576e-02
3.792966341225374738e-02
2.892129020622079966e-02
2.201767492960477260e-02
1.693465001723132302e-02
1.299866261479688118e-02
1.006435116278513522e-02
7.706456622114195645e-03
5.887836044603750839e-03
4.473526469978694221e-03
3.402640167865419660e-03
2.571030445422435237e-03
1.946763359442178504e-03
1.476280934569460836e-03
1.117079683674732484e-03
8.436257600438234246e-04
6.350637562494190454e-04
4.747822478111443623e-04
3.523781552470672427e-04
2.593685453323772380e-04
1.885785277569805151e-04
1.353749568680338996e-04
9.605796444019578805e-05
6.756212716047747509e-05
4.726491109758585829e-05
3.320326552296545185e-05
2.349212715812975060e-05
1.683102466777849961e-05
1.221995521340247528e-05
9.024970061269938935e-06
6.760444681804106461e-06
5.089384846313715816e-06
3.801620556053990068e-06
2.871236526602806956e-06
2.136516807565058942e-06
1.608967696602378804e-06
1.189371565880413961e-06
8.705241344618393709e-07
6.310589310943051287e-07
4.533422258925795825e-07
3.226516950878603999e-07
2.319526237863408874e-07
1.629183610730247380e-07
1.113106926589339332e-07
7.915209878389421580e-08
5.359987647433664758e-08
3.614976644600997051e-08
2.435938310005427427e-08
1.537264555962246973e-08
1.037525059283679034e-08
6.504056701086243405e-09
4.063283807548356469e-09
2.527365283430959267e-09
1.403392743161240960e-09
7.941699532950127001e-10
3.696160589904259454e-10
1.470228975119847958e-10
