1.613122887377094195e-02
1.610797526335279450e-02
1.607888916080256123e-02
1.604259020839557751e-02
1.599741862954378452e-02
1.594140583335140748e-02
1.587225869751483429e-02
1.578736963475394980e-02
1.568386923923971096e-02
1.555874246338702881e-02
1.540903017562579407e-02
1.523213047722953711e-02
1.502619035581077844e-02
1.479052893732252932e-02
1.452595526506612889e-02
1.423475502516716173e-02
1.392008995729360037e-02
1.358471549525530966e-02
1.322941983009720372e-02
1.285232965980228313e-02
1.245047552805235089e-02
1.202342393925393167e-02
1.157537953272176970e-02
1.111173641803982377e-02
1.063443023606469584e-02
1.014568287331789158e-02
9.649848874621251224e-03
9.142940919092772817e-03
8.629585924120381293e-03
8.126251716042264678e-03
7.615593415055104363e-03
7.111917413232296190e-03
6.618206812047374397e-03
6.139018073535345774e-03
5.679116224034051405e-03
5.231058927536274585e-03
4.825966881601120341e-03
4.440144148827777394e-03
4.069879416876637582e-03
3.726627067610841990e-03
3.399973206904663686e-03
3.102579077495634316e-03
2.819418548403692000e-03
2.568116596134003334e-03
2.347420480434184425e-03
2.139691757317802208e-03
1.954063299810439736e-03
1.782299517538589017e-03
1.632871367302073237e-03
1.498827684678542696e-03
1.375577728754031085e-03
1.266413262909666998e-03
1.166661729851639672e-03
1.075092807886915717e-03
9.899133117631647976e-04
9.134586371938925066e-04
8.423654576608246864e-04
7.739764321564498442e-04
7.107442823778923604e-04
6.497145347753375318e-04
5.966377109175180103e-04
5.440000189522997947e-04
4.973132303024084240e-04
4.537076540767267792e-04
4.132878293336246988e-04
3.767813390874357252e-04
3.426427427456068707e-04
3.113168321502784389e-04
2.828570313134761913e-04
2.555730702554002802e-04
2.315340162804773014e-04
2.080073922515580736e-04
1.866181504577748684e-04
1.665013443440221789e-04
1.479041413786405372e-04
1.309441963822761349e-04
1.155778563471913543e-04
1.013830374135721741e-04
8.856763920220381585e-05
7.672739902522196173e-05
6.623276197592213631e-05
5.655158795902965631e-05
4.806200817293646390e-05
4.038242393462024456e-05
3.376663965775702104e-05
2.803202680787256402e-05
2.302550790513040941e-05
1.872458590611579508e-05
1.502445868104395618e-05
1.197021592287643867e-05
9.502055839587636354e-06
7.497320509237649443e-06
5.945358662046656314e-06
4.763617940207970174e-06
3.941468587109166405e-06
3.339555491169779896e-06
2.937521202066839663e-06
2.537539218365844560e-06
1.853025793411786711e-06
7.453926932336306998e-07
