4.584650799997315044e+05
3.507724586065639742e+05
2.651887128059543902e+05
1.982036075557971781e+05
1.465266221593153896e+05
1.072008244965093472e+05
7.766046205612923950e+04
5.574433427676794963e+04
3.967791823626362748e+04
2.803612415525837423e+04
1.969636585944577018e+04
1.378908822964596766e+04
9.650503070203149036e+03
6.780317352082476646e+03
4.805779471256520992e+03
3.452379335484513831e+03
2.520896993032754381e+03
1.870038679631222521e+03
1.403467297356706240e+03
1.059570440352183141e+03
8.020545112506982832e+02
6.100884655262162823e+02
4.689043961804117657e+02
3.644361393451755475e+02
2.845865401992287502e+02
2.226673546964549644e+02
1.753331420698744694e+02
1.386462376830198195e+02
1.097370425978133426e+02
8.715066239392626812e+01
6.924022042294916446e+01
5.510563057147888344e+01
4.379932674064842502e+01
3.483713436662876006e+01
2.771289456854357880e+01
2.202461142130691485e+01
1.747744018896169038e+01
1.384013493764086533e+01
1.094164664051078262e+01
8.638994749621319968e+00
6.801129340403847756e+00
5.342235143207955339e+00
4.186937171368366961e+00
3.274446456521672655e+00
2.550500301919055524e+00
1.979510824205277464e+00
1.528893678471078266e+00
1.177240429302177871e+00
9.036049266429789784e-01
6.993116747909252640e-01
5.379083743130248507e-01
4.139232437993398683e-01
3.150123183263678905e-01
2.424667745819137077e-01
1.786144926166789160e-01
1.346498721904283158e-01
1.047325083884223240e-01
8.129073571462795689e-02
6.246068884074819361e-02
4.707827096093739755e-02
3.378058362490740651e-02
2.412576507046850297e-02
1.758642507297568727e-02
1.302645725147656176e-02
9.308372364378376951e-03
6.727722121278446703e-03
4.908547833932788360e-03
3.519403547462340593e-03
2.528741286604663328e-03
1.789721246588335231e-03
1.270191402616189244e-03
8.961907667316097855e-04
6.299440590698619693e-04
4.379160848593388481e-04
3.036468987738158692e-04
2.097995008704290774e-04
1.437988488344023655e-04
9.821878314815414221e-05
6.670474941893732464e-05
4.485218517251125277e-05
2.970567206959996132e-05
1.935731613802427515e-05
1.239972402607958188e-05
7.732127608131509738e-06
4.683100588496042944e-06
2.750250002491850705e-06
1.559470580781791148e-06
8.529200351169522327e-07
4.493142961795763955e-07
2.264233545171841586e-07
1.072222607724034508e-07
4.722432037454496200e-08
1.560462412497141212e-08
-5.978062620952008392e-10
-8.557243069115094112e-09
-1.284784818365148811e-08
-1.499642081180936566e-08
-1.575882891447648699e-08
-1.533523425112098597e-08
-1.467282542734257826e-08
