6.464924461386421463e+05
5.018352194229172892e+05
3.844031977475139429e+05
2.906695337509839446e+05
2.170527841273650993e+05
1.601252274870174879e+05
1.167546342198267812e+05
8.418508010368974647e+04
6.006768752332446456e+04
4.245427192208787164e+04
2.976654877090446462e+04
2.075174850797984982e+04
1.443302911674466850e+04
1.006058117807076087e+04
7.067147474988442809e+03
5.029960466704113060e+03
3.639791775789859912e+03
2.676750001874789177e+03
1.991482093132999580e+03
1.489525299081625917e+03
1.116176580041884790e+03
8.404318037852564203e+02
6.400532008515586995e+02
4.935738381697285604e+02
3.826881759271076362e+02
2.974705184156089786e+02
2.329906247492776856e+02
1.834494370051301928e+02
1.446853762425630237e+02
1.146112531818717741e+02
9.088755622429631842e+01
7.225333166136358898e+01
5.739369237818282699e+01
4.564805389212813935e+01
3.632861151861440163e+01
2.889451350424124243e+01
2.295327889730469906e+01
1.819955980584453314e+01
1.440918352089070886e+01
1.139490024830654136e+01
8.986897585543944800e+00
7.073469286826195912e+00
5.555922681046927103e+00
4.354739489276429509e+00
3.402158105605654459e+00
2.649899757833123815e+00
2.056076139703991501e+00
1.590469884685832058e+00
1.226386035949551534e+00
9.485539665352659133e-01
7.303520676593461269e-01
5.618180997573782864e-01
4.288516702421690807e-01
3.292367908638095808e-01
2.455484887202417921e-01
1.855766364679920788e-01
1.430086784140083001e-01
1.099944472968905490e-01
8.396396768680111644e-02
6.317273753144603265e-02
4.585870410332537617e-02
3.313932731809848126e-02
2.426139303983375003e-02
1.793653638575017084e-02
1.291282840803953912e-02
9.357322216819421307e-03
6.815437042534063655e-03
4.896285328580655093e-03
3.517140661683315975e-03
2.495763717091174869e-03
1.771497161875960034e-03
1.250019167708191735e-03
8.781356129096366120e-04
6.109356370551387349e-04
4.234671961110526525e-04
2.922252355882626719e-04
2.001823003390033981e-04
1.366147869248877640e-04
9.278501220486092850e-05
6.257159460239253160e-05
4.176447501703554150e-05
2.757201622282295372e-05
1.798378492919312896e-05
1.149534278540153381e-05
7.176892147218943033e-06
4.359384401382513925e-06
2.562505405961791984e-06
1.452473256174025077e-06
7.903803453263047736e-07
4.103032186957483512e-07
2.004398484579296667e-07
9.142265123239286142e-08
3.504339559245525113e-08
7.308970471428864000e-09
-5.520861315388818382e-09
-1.159341449119294326e-08
-1.423973186122547140e-08
-1.500611828638182630e-08
-1.443439180995535812e-08
-1.370648289281485329e-08
