3.331304632023579302e+02
2.659134322059090323e+02
2.129488126556411203e+02
1.709412622681411165e+02
1.374319383906660903e+02
1.105709524069510223e+02
8.895451588535526355e+01
7.150805066554165990e+01
5.740188619121639846e+01
4.598993408933350935e+01
3.676437493841875437e+01
2.932136537577109081e+01
2.333457562543100750e+01
1.853541780621381463e+01
1.470090453250845641e+01
1.165039439675163102e+01
9.247647979565634557e+00
7.393753602762765276e+00
5.991708287993641413e+00
4.894485690844453174e+00
3.919529103298984740e+00
3.005527487516570950e+00
2.326750441446488793e+00
1.987767173864958492e+00
1.669747221651337599e+00
1.217398191530797869e+00
9.912872258845075724e-01
8.443624853719737811e-01
6.213013376982239322e-01
5.215084817240258630e-01
3.965895656496354338e-01
3.375902550569176430e-01
2.319338964709407591e-01
1.842549932829935511e-01
1.608253605634980266e-01
1.358254732121026709e-01
1.081708291706162117e-01
8.099617382854661096e-02
6.105084828778204603e-02
4.763999852376488153e-02
3.534747847301730750e-02
2.665362406690609601e-02
2.032037987989597852e-02
1.563525683700289770e-02
1.193522135661081486e-02
9.132858157927541479e-03
6.986911322370602598e-03
5.361640564883929545e-03
4.115746126844654559e-03
3.166966924399784809e-03
2.429902615055107382e-03
1.865396782118980325e-03
1.432421688709015943e-03
1.097986934286582792e-03
8.365762947631146407e-04
6.368556218233109145e-04
4.801277689686982392e-04
3.596016954069047779e-04
2.669892693033194733e-04
1.966898708070094275e-04
1.440330799170543464e-04
1.056372126826588567e-04
7.739789809685391553e-05
5.752768878251781070e-05
4.286514992115021867e-05
3.234918558928666002e-05
2.471622078794432560e-05
1.893827770634275848e-05
1.450629532620955734e-05
1.106407775775787359e-05
8.384399575861548951e-06
6.365271125595643772e-06
4.848280307004895482e-06
3.619613925627691696e-06
2.713876326974549800e-06
2.020385710008095309e-06
1.469920552991895394e-06
1.060359178438728745e-06
7.740172954418631806e-07
5.515423427987497395e-07
4.001044150534595486e-07
2.767033152853332564e-07
1.958671952979041698e-07
1.350879915919537320e-07
9.038672351012648091e-08
6.274449695531916969e-08
4.403038739270278364e-08
2.770888296975657208e-08
1.829541354758849192e-08
1.292457286764184862e-08
7.989567433502181462e-09
5.003359480472365767e-09
3.437543607841149441e-09
2.130457029599773528e-09
1.362964856301498211e-09
8.324807921235065398e-10
4.787762918510261984e-10
2.526304051492053708e-10
1.163910665587475852e-10
4.806796223697919486e-11
