1.696702610669559726e+04
1.240111582792479203e+04
9.075227845209234147e+03
6.655713116736180382e+03
4.895923169625180890e+03
3.614863610158769461e+03
2.680534801375019924e+03
1.997153630792116928e+03
1.495492587863409199e+03
1.125662742462713140e+03
8.517750272357748145e+02
6.480213625035228233e+02
4.958143409652093965e+02
3.817079767112876425e+02
2.958924787055078696e+02
2.311147258072057582e+02
1.819241008962897865e+02
1.441784130853642978e+02
1.147594306939887048e+02
9.143235312636973333e+01
7.274195352312393936e+01
5.781593629982812388e+01
4.603447274415496082e+01
3.674568781374312465e+01
2.930193581408972392e+01
2.330356551948981902e+01
1.854089869125334999e+01
1.474415862642271513e+01
1.169434371146070895e+01
9.273863790577749455e+00
7.336692579314533447e+00
5.804562078133086445e+00
4.564988140100481928e+00
3.593353335201421306e+00
2.846397822710574399e+00
2.267284400038128478e+00
1.806675342559556974e+00
1.412004631579564240e+00
1.100189577592868728e+00
8.767340092512282412e-01
6.524358619184851271e-01
4.793615803447824897e-01
3.585399811170513207e-01
2.764960047744439708e-01
2.031103479298468906e-01
1.513368180831474175e-01
1.122773225329954383e-01
8.637431384314168958e-02
6.683160622516882976e-02
5.409737650987257729e-02
4.216106542533032409e-02
3.278370123433852618e-02
2.496325317302759347e-02
1.919352697747453776e-02
1.437387939707939974e-02
1.086961696294225753e-02
8.253864498718184450e-03
6.233835871403809424e-03
4.678066770768363886e-03
3.490089804708215466e-03
2.580634718280982922e-03
1.903191544785414087e-03
1.402881402545648861e-03
1.033125478037485653e-03
7.566347697884071239e-04
5.531901783564328748e-04
4.036077069450689993e-04
2.926162355377744974e-04
2.108386296276136128e-04
1.503034009942586999e-04
1.058531206231788760e-04
7.333858704895379545e-05
4.990512717000443021e-05
3.329418264954216178e-05
2.186056095099589685e-05
1.418798330996185658e-05
9.160022816563519307e-06
5.948953437282036239e-06
3.935502017082599967e-06
2.654231473836395975e-06
1.845354923563371997e-06
1.319158177841739434e-06
9.494869410054394686e-07
6.911750563444245453e-07
5.104811847152134011e-07
3.733816015583829221e-07
2.731833277855341864e-07
1.978856163660574768e-07
1.402142559241589360e-07
1.001861160582147532e-07
6.980031562036564099e-08
4.723056803505375291e-08
3.229793198332855254e-08
2.057141957223312588e-08
1.344819637734480395e-08
8.165758783030043317e-09
4.689390958242704638e-09
2.440631514305282338e-09
1.000636965756808630e-09
1.551934695618725529e-10
