7.924990748913845806e+00
7.925029717884861213e+00
7.925009343277150897e+00
7.924875303345014999e+00
7.924538423695227429e+00
7.923855562420283327e+00
7.922601626126276386e+00
7.920429892259521765e+00
7.916818179849609116e+00
7.911000411800588772e+00
7.901888314859006002e+00
7.887998574307512278e+00
7.867418670266879133e+00
7.837868988498782663e+00
7.796939833820083265e+00
7.742571256197173568e+00
7.673747231531788060e+00
7.591135175388505907e+00
7.497052147742381933e+00
7.394012012934574329e+00
7.281938499721730906e+00
7.156342578980708247e+00
7.011279284058598016e+00
6.846355897058911566e+00
6.667324950242019099e+00
6.475569835982700972e+00
6.267866818954779262e+00
6.048817963063784831e+00
5.821942997082588889e+00
5.587909992103499590e+00
5.350237306812481997e+00
5.110128103172353775e+00
4.870629122650279363e+00
4.630656275263279831e+00
4.391345585474230262e+00
4.154297042183494604e+00
3.920420498879680693e+00
3.690518758645623620e+00
3.464563151699846966e+00
3.243482716145657641e+00
3.028962774239173594e+00
2.821153397761965831e+00
2.620623666850498079e+00
2.427979186995217642e+00
2.243790919213751955e+00
2.068204372763563725e+00
1.901485764730764361e+00
1.743736606525384536e+00
1.595091408723136484e+00
1.455697259709861857e+00
1.325688497581393399e+00
1.205066810061070193e+00
1.094152687257171408e+00
9.928794670628214858e-01
9.009068227462145861e-01
8.172816835888391251e-01
7.410839526144620271e-01
6.713150885797030121e-01
6.065415856919296189e-01
5.458760032528641171e-01
4.894664292400837113e-01
4.394133926579061322e-01
3.954441370312290482e-01
3.560659422711626720e-01
3.203548962090898566e-01
2.875448515852353504e-01
2.576946201840499273e-01
2.308029010883368426e-01
2.076882151930576903e-01
1.872228076154034138e-01
1.688228070450837337e-01
1.527536747450834453e-01
1.385489450570044356e-01
1.257888679950634470e-01
1.148103249009068683e-01
1.047721963752820257e-01
9.594640966214428024e-02
8.769404023014579219e-02
8.063638805592485137e-02
7.427164313137329943e-02
6.869538909831646167e-02
6.368125246436941167e-02
5.914056817240914699e-02
5.497734166418574708e-02
5.123897127876449881e-02
4.765476843533075768e-02
4.438374416555199847e-02
4.131974574279133339e-02
3.847954203189236921e-02
3.566769466052371190e-02
3.296964857814910221e-02
3.030123326279786020e-02
2.769483641048241240e-02
2.510657037399751171e-02
2.260186664589022495e-02
2.011210328866955277e-02
1.767024271733828866e-02
1.524198347954634249e-02
1.287259246700035893e-02
1.051997838210720973e-02
