9.269776986708413435e-01
9.252041685160734552e-01
9.229885868800479232e-01
9.202280121858419371e-01
9.167997122403551691e-01
9.125598153271120561e-01
9.073434891588555429e-01
9.009678054369715250e-01
8.932388922683138777e-01
8.839653837010557069e-01
8.729803002529802347e-01
8.601728592517685623e-01
8.455295403684428557e-01
8.291790246420200905e-01
8.114277096967620340e-01
7.927624881622247210e-01
7.737909543421035430e-01
7.550990558144362597e-01
7.370501619648200942e-01
7.196309932868679704e-01
7.025143339592041514e-01
6.854141990037109222e-01
6.684537243022030673e-01
6.519767396142804872e-01
6.358471483524323897e-01
6.195088915470159385e-01
6.029739668152372944e-01
5.862456486692592117e-01
5.686809094439712053e-01
5.505122741287842292e-01
5.312933884143169472e-01
5.111439904330168371e-01
4.897542987710499229e-01
4.673634297232168722e-01
4.440769157117296362e-01
4.203070699048279679e-01
3.961034948552745738e-01
3.719399414461249664e-01
3.480525469365198243e-01
3.248951332052149032e-01
3.026225761996343411e-01
2.813514241492199863e-01
2.611710106590544589e-01
2.421214863614083168e-01
2.240573766983836035e-01
2.069919336206662575e-01
1.908180266918395873e-01
1.755639483466557016e-01
1.611799961276653426e-01
1.477125936125567029e-01
1.351455271451660334e-01
1.234947867826897416e-01
1.127179051649753461e-01
1.028335168632188018e-01
9.377430949599296905e-02
8.552170507674206057e-02
7.801521802283858942e-02
7.119826801013089124e-02
6.498768645839526903e-02
5.932718420155927430e-02
5.414327276148327150e-02
4.941950554266381218e-02
4.508873368638635637e-02
4.106440386463292014e-02
3.725201617139816540e-02
3.358687114245673816e-02
3.005302167785401171e-02
2.668448474493827910e-02
2.356275559839878658e-02
2.072819293115601980e-02
1.822332498613877735e-02
1.607105535435850857e-02
1.420062234534597359e-02
1.253045094891633814e-02
1.108396165437681470e-02
9.830398490580595852e-03
8.771916285307082908e-03
7.812964985396304851e-03
6.975344234087036722e-03
6.161717040146241081e-03
5.446723237054412227e-03
4.824560404531970728e-03
4.310032966229746486e-03
3.808506197206240184e-03
3.378068396662405309e-03
2.995245393047141821e-03
2.669763253938086181e-03
2.357949368807310021e-03
2.113554261658885658e-03
1.885307702917916710e-03
1.689897964014175878e-03
1.499029281510765900e-03
1.336619744156962225e-03
1.185318551510260079e-03
1.047308762630731185e-03
9.066699348091992626e-04
7.787759190051226493e-04
6.564377372658483645e-04
5.455248481601801406e-04
4.293961353452907135e-04
