1.270886799809797518e-01
1.267841132061040543e-01
1.264035752540067226e-01
1.259293349712763410e-01
1.253402229687663738e-01
1.246113714436769965e-01
1.237141957329209174e-01
1.226168015244501058e-01
1.212850678033229185e-01
1.196847095660918403e-01
1.177846228120847799e-01
1.155616773338715014e-01
1.130067283913261250e-01
1.101308301726566241e-01
1.069694136894502462e-01
1.035808644158982134e-01
1.000356098493757617e-01
9.639465663179597188e-02
9.268472645019937284e-02
8.888904854405418887e-02
8.497611912962180214e-02
8.096090130680658192e-02
7.693361086740196919e-02
7.298192172840382852e-02
6.908526411005083689e-02
6.519726565505673532e-02
6.140022064155049170e-02
5.774472558888794904e-02
5.418571459464004147e-02
5.078238549921027661e-02
4.749815137911819751e-02
4.443669062213858462e-02
4.154024014568701711e-02
3.882718527188448732e-02
3.634125261978644883e-02
3.405072607399133033e-02
3.191378798462643496e-02
2.989321719773973748e-02
2.802316316871059435e-02
2.629821454835753330e-02
2.465474048634793205e-02
2.308798178991880445e-02
2.156645861346395687e-02
2.013916852592412959e-02
1.872681800553473858e-02
1.735108698211483905e-02
1.603234205820408195e-02
1.474720208432294191e-02
1.353554387186444753e-02
1.236578623419634648e-02
1.129711060394287918e-02
1.029731031962802593e-02
9.376250099283049699e-03
8.545722783747889892e-03
7.783446051281443789e-03
7.094131663511480182e-03
6.461149196067846219e-03
5.879319567957197804e-03
5.347567016725307022e-03
4.853869354625907871e-03
4.398354602033240253e-03
3.976756781560204269e-03
3.589476584872082054e-03
3.232615718329666897e-03
2.903972535366887864e-03
2.601720297444974107e-03
2.323964725977756621e-03
2.066230179987343669e-03
1.831316100398273396e-03
1.615611651150995406e-03
1.420048684071970871e-03
1.243174008313298719e-03
1.086009957855283998e-03
9.473878665268626893e-04
8.276560294482890410e-04
7.266474837118432279e-04
6.426270268508200685e-04
5.722277801530573039e-04
5.112860874692058254e-04
4.548530166954609490e-04
4.009511984931505495e-04
3.486686524525968358e-04
2.995334158635726295e-04
2.534097098487157903e-04
2.167380737638503719e-04
1.921586282390939926e-04
1.720527717756907310e-04
1.484000012649194051e-04
1.260892589926109050e-04
1.074906320506292036e-04
9.427442963158863228e-05
8.118012186719820945e-05
6.769095159642632919e-05
5.807470762928356573e-05
4.963797049806618048e-05
4.031036649919224687e-05
3.390866392825914622e-05
2.723680800799053788e-05
2.317201918219119963e-05
1.498443143702748247e-05
