5.187327556278636912e+05
3.988368888272511540e+05
3.028627976700162981e+05
2.272443155219443433e+05
1.685543812795199628e+05
1.236509914034887042e+05
8.976188054836429365e+04
6.451850937845135195e+04
4.595221174446539953e+04
3.246515545810325784e+04
2.278702819311272469e+04
1.592591700217291509e+04
1.111933685479811174e+04
7.789164349187718472e+03
5.502515058000030876e+03
3.939372354453371827e+03
2.866927892821116075e+03
2.119960907065002175e+03
1.585994389309775215e+03
1.193375503358933202e+03
9.001360976469219395e+02
6.822830719798841983e+02
5.227433259781408879e+02
4.051962652648623475e+02
3.156556635483524929e+02
2.464391846573444127e+02
1.937119070551510731e+02
1.529660154600755675e+02
1.209343515275063368e+02
9.596654791164179699e+01
7.620151652078418181e+01
6.062703610831589174e+01
4.818103063313574808e+01
3.832404175785885769e+01
3.049284083789220290e+01
2.424159036776417153e+01
1.924446481103815998e+01
1.524662567424425319e+01
1.206000903848229910e+01
9.527396422846479140e+00
7.505417072321568739e+00
5.899823531545211885e+00
4.627651049209657863e+00
3.622026755820769939e+00
2.824457593111495246e+00
2.195124168551358057e+00
1.698448812278478215e+00
1.310101404365463962e+00
1.007324616428642461e+00
7.792654850059369531e-01
5.995722454139973401e-01
4.612597247386734378e-01
3.514218824349788495e-01
2.701979334616312345e-01
1.999770516250708730e-01
1.508880563333883373e-01
1.169436889190115375e-01
9.045790560673115654e-02
6.933561672837763867e-02
5.222485861226556364e-02
3.763173889532725469e-02
2.699122882161221482e-02
1.970567615416741331e-02
1.458549183194591398e-02
1.045043552892380156e-02
7.560095234177178700e-03
5.512168531373090076e-03
3.954884064783171539e-03
2.841245451534989142e-03
2.012720501367489586e-03
1.428450174167349325e-03
1.007829676055015588e-03
7.082133844084956666e-04
4.924273653962884557e-04
3.413697223518759099e-04
2.357386329983338286e-04
1.615418600870229687e-04
1.103140291160974873e-04
7.493907496863761624e-05
5.046504275052628266e-05
3.353829570496741249e-05
2.197408402769664563e-05
1.417813388428942304e-05
8.925432535507432969e-06
5.466708001498739155e-06
3.248806662274441164e-06
1.864424929239966553e-06
1.030961745550945585e-06
5.477118126783093120e-07
2.776256631342887845e-07
1.319962610756403929e-07
5.822314499928795088e-08
1.993844876795820645e-08
8.171546193978976312e-10
-8.250810218938642193e-09
-1.286035193231260661e-08
-1.502805157792206030e-08
-1.570955074502834139e-08
-1.518434680542914722e-08
-1.446960927048484519e-08
