7.134604675173945725e+05
5.563859183603244601e+05
4.280041712764015538e+05
3.248809112748153275e+05
2.434179845559098176e+05
1.800904578698624100e+05
1.316170691391821892e+05
9.506629702041734708e+04
6.790709914599228068e+04
4.801678009581154038e+04
3.365906809789100953e+04
2.344420816180649490e+04
1.628061856544274633e+04
1.132512351533217952e+04
7.936428351744650172e+03
5.634553512646295530e+03
4.067388774558198747e+03
2.984227680059377235e+03
2.214926324741198187e+03
1.652230405386506618e+03
1.234382696867995264e+03
9.265456052060758338e+02
7.036270746170284838e+02
5.412585963098446200e+02
4.186927819126617578e+02
3.247520601386895009e+02
2.539007895098517338e+02
1.996158827506785371e+02
1.572371355428498987e+02
1.244355810335145236e+02
9.860652771001849715e+01
7.835207900989709628e+01
6.221861679081502672e+01
4.947956760471834059e+01
3.937944225891972394e+01
3.132610615607324434e+01
2.489134647297194292e+01
1.974287646814402919e+01
1.563740593514982535e+01
1.237186784889307845e+01
9.762389208891718795e+00
7.688202537075986776e+00
6.042458038083921679e+00
4.739076879695407030e+00
3.705312662061674089e+00
2.888624966471978528e+00
2.243822548945399120e+00
1.737718809328828717e+00
1.341515676628541875e+00
1.037715968382913800e+00
7.993336658114422733e-01
6.149399614400818948e-01
4.697937481467368004e-01
3.604924835158010987e-01
2.697028952948085645e-01
2.039848206289670562e-01
1.568406461290177967e-01
1.203554098426215524e-01
9.171595580404183490e-02
6.897450760766264677e-02
5.023149871396689198e-02
3.641734392584657087e-02
2.669398945147706884e-02
1.972610706001462488e-02
1.423085208443667510e-02
1.032042180286001434e-02
7.513946531504339318e-03
5.401360761776537699e-03
3.879955955747798647e-03
2.755369824968026318e-03
1.955979890613257673e-03
1.380355046240508811e-03
9.696400112819438238e-04
6.748252339261106778e-04
4.677700963270966920e-04
3.227311197634857875e-04
2.210604180211330632e-04
1.508170847381175945e-04
1.024020999646733796e-04
6.907231836826723372e-05
4.616172549005453414e-05
3.055172354630907527e-05
2.000505310054155118e-05
1.286339851818943667e-05
8.094662860951407876e-06
4.964091678385899028e-06
2.950545109020399524e-06
1.692990801987247091e-06
9.332896498802083279e-07
4.913605403653730358e-07
2.441257685586817601e-07
1.137634008832542527e-07
4.593056483333344942e-08
1.243897587058008604e-08
-3.096575135316164159e-09
-1.034455549994877758e-08
-1.346397232156373840e-08
-1.439949692949968925e-08
-1.388104990551629682e-08
-1.318833334544637065e-08
