4.009677528677774244e+05
3.052546145333236782e+05
2.297505193553043355e+05
1.710518251778131525e+05
1.260419844487154041e+05
9.197391515628022898e+04
6.650237937155124382e+04
4.767919960039076977e+04
3.392385823929800972e+04
2.398023738133864754e+04
1.686779903905218089e+04
1.183299670140944363e+04
8.304522107847356892e+03
5.854292290672328818e+03
4.164889088115143750e+03
3.003402143908149355e+03
2.201170539718829787e+03
1.638614421579738064e+03
1.234048151194677075e+03
9.350094617244470783e+02
7.104166684122847073e+02
5.423640045863343175e+02
4.182022497295037056e+02
3.259145633694888033e+02
2.551207206811687627e+02
2.000436842692321591e+02
1.577887583111846652e+02
1.249402271380288028e+02
9.899422987265150198e+01
7.867642641910370571e+01
6.253816754471298367e+01
4.978361155243265301e+01
3.957207117947076824e+01
3.147124754270410918e+01
2.502869694638292231e+01
1.988389663150236331e+01
1.577145541728774170e+01
1.248262050802981982e+01
9.862683261687671177e+00
7.782402722352666835e+00
6.122387000046761507e+00
4.805092561309799670e+00
3.762569329651892058e+00
2.939950663240520790e+00
2.286888774670241542e+00
1.772058031123097788e+00
1.365746769686774886e+00
1.049454065627651422e+00
8.039208372119898138e-01
6.226142489142048042e-01
4.788286133948780887e-01
3.686221049977174702e-01
2.801976215232696021e-01
2.159656934995139721e-01
1.582416788086034032e-01
1.191808000685457281e-01
9.308530463511605069e-02
7.253093412306498011e-02
5.588025142477398566e-02
4.215016030571259315e-02
3.010683189490720446e-02
2.140282694491972906e-02
1.557577688146290218e-02
1.154691731777845662e-02
8.227405883156476904e-03
5.940771945055371706e-03
4.337762383606856564e-03
3.108011746471672169e-03
2.233614686777823065e-03
1.579382792794683903e-03
1.120994451713150548e-03
7.910095868730356982e-04
5.562418452933067751e-04
3.866409050387614884e-04
2.681878095607953256e-04
1.854197558180324906e-04
1.271143511781796652e-04
8.682380696934273976e-05
5.892251351200745503e-05
3.952742994314235007e-05
2.605894654862877071e-05
1.686566089648370385e-05
1.071115630676077761e-05
6.607969079547816280e-06
3.954452488293930196e-06
2.294967208263701790e-06
1.287304156610582622e-06
6.984005488871990739e-07
3.668157463994642044e-07
1.853552688850241754e-07
8.858886456117741604e-08
3.979066105201497300e-08
1.330723577051004538e-08
-8.384883788910277874e-10
-8.161298605292369700e-09
-1.238470381086157919e-08
-1.465124927934361434e-08
-1.557414401184328806e-08
-1.530499247842144490e-08
-1.472786550630055009e-08
