5.814974130575652234e+05
4.492553747995451558e+05
3.426448738089115359e+05
2.580945234349725943e+05
1.920799729681395984e+05
1.413016143993453006e+05
1.027975473674892855e+05
7.400020412453860627e+04
5.274879189667889295e+04
3.727058707374557707e+04
2.614300005920396870e+04
1.824613045967075595e+04
1.271299296304845848e+04
8.882214805742018143e+03
6.256046135650401993e+03
4.465048367024630352e+03
3.239753782059680361e+03
2.388755403163191204e+03
1.781914037273106942e+03
1.336630855126862116e+03
1.004800520544232654e+03
7.590365604801791051e+02
5.797752202092541438e+02
4.482306846024026186e+02
3.483492498218648734e+02
2.713699060368819573e+02
2.129294252983312390e+02
1.679000325383353811e+02
1.325842135856316304e+02
1.051209161771713667e+02
8.341833895997099546e+01
6.634403234699911422e+01
5.271355292703402995e+01
4.192866485036785207e+01
3.336562112068870789e+01
2.653231753862139541e+01
2.107039269757765965e+01
1.670031068279305231e+01
1.321630380806665706e+01
1.044640147922710760e+01
8.234300248950763290e+00
6.477129226901026549e+00
5.084154711360751477e+00
3.982260456740911891e+00
3.108443932955356370e+00
2.418661716099157477e+00
1.874232159490759830e+00
1.447889310993690115e+00
1.114955353035200769e+00
8.623762588009417085e-01
6.637434504931171153e-01
5.105752820445176310e-01
3.893818740738808071e-01
2.991302151954143840e-01
2.222978898257924329e-01
1.678710108032102910e-01
1.297062119977623329e-01
1.000272813017178131e-01
7.650365170550139926e-02
5.758962812070868298e-02
4.165831797326267211e-02
2.999655342920181170e-02
2.193133678508182513e-02
1.622261013884097880e-02
1.165231893929141900e-02
8.436930707530447895e-03
6.147994784713271300e-03
4.413990265853923525e-03
3.170811134783188025e-03
2.248143227773176378e-03
1.595604640752483440e-03
1.125809438845185636e-03
7.909694602419666985e-04
5.501188775628019882e-04
3.813218417293598277e-04
2.632205581878958520e-04
1.803391339022767271e-04
1.231127906777245296e-04
8.363126424812446637e-05
5.637022112663650297e-05
3.755735616534888852e-05
2.471276662598352670e-05
1.604073316214613883e-05
1.018148039458000632e-05
6.299585000254062039e-06
3.786473122988447844e-06
2.199631326222904770e-06
1.231289465833731540e-06
6.616036575492476879e-07
3.389681493827330874e-07
1.630526077455002740e-07
7.292546069880264529e-08
2.639570010452483572e-08
3.442987070616358636e-09
-7.238884705313471569e-09
-1.243695265692386048e-08
-1.476826806455578362e-08
-1.545052903843908233e-08
-1.487622184530661930e-08
-1.414031468343603145e-08
