4.996099904376612777e+00
4.994861318303391862e+00
4.993279774812541483e+00
4.991255349873813252e+00
4.988656844036351679e+00
4.985311400896654810e+00
4.980990867614765172e+00
4.975394370642038488e+00
4.968127119998123398e+00
4.958676807055905300e+00
4.946391734513934324e+00
4.930469739283122266e+00
4.909974403489753669e+00
4.883903667005744964e+00
4.851340002659502382e+00
4.811696739577927318e+00
4.765018321965948545e+00
4.712173669777894425e+00
4.654635919664668720e+00
4.593548359191972352e+00
4.528278691365218656e+00
4.455762491464677844e+00
4.372430768040079130e+00
4.277829397903752273e+00
4.174364039600990672e+00
4.061769582289115554e+00
3.937938999463326262e+00
3.805257311758197147e+00
3.665232531706886565e+00
3.518763719814302249e+00
3.368187500443809324e+00
3.215075703453049716e+00
3.061791367994051605e+00
2.908550374186235299e+00
2.756609809960967272e+00
2.607018941812834001e+00
2.460245768346547290e+00
2.316545201749795169e+00
2.175649708732248389e+00
2.037993023827016081e+00
1.904349404671885182e+00
1.774816072979327641e+00
1.649781874317150399e+00
1.529676073892391353e+00
1.414861421854382906e+00
1.305468446283932993e+00
1.201646189567044720e+00
1.103462155981371540e+00
1.010986304310580453e+00
9.242898292662417026e-01
8.434337067634815055e-01
7.683891988609030665e-01
6.992436917957562947e-01
6.358951748154998418e-01
5.781068702439694507e-01
5.253605537870612574e-01
4.771270855343529571e-01
4.328289399885618116e-01
3.916778869066943614e-01
3.532017344877055876e-01
3.174526865531439590e-01
2.854013084408420498e-01
2.569584719994525979e-01
2.313648599129360384e-01
2.079871760785104440e-01
1.862934709595618910e-01
1.663022666895112300e-01
1.482170721662131041e-01
1.325872643864630662e-01
1.188127579878836965e-01
1.065336796316155576e-01
9.590952646063917453e-02
8.650251015388907283e-02
7.792188668067114021e-02
7.054417397184246930e-02
6.384285079589498146e-02
5.803383300454970084e-02
5.255476087672777963e-02
4.792115640409179422e-02
4.372524773263397613e-02
4.009507976239664456e-02
3.682862923671832017e-02
3.391890022409433519e-02
3.125539382082460904e-02
2.889788904873706946e-02
2.665569108759636985e-02
2.465994270878152025e-02
2.282241737345582291e-02
2.116355468872241699e-02
1.953085346749928314e-02
1.799983967540927723e-02
1.649278503422308556e-02
1.504085301188090758e-02
1.360193850003317030e-02
1.223200272134594528e-02
1.087151384628074965e-02
9.553741169265442951e-03
8.242872115358337512e-03
6.974506682413699442e-03
5.708524425122765526e-03
