1.101421358500653640e-02
1.099918559418975803e-02
1.098039604198201499e-02
1.095695908896186614e-02
1.092781205095618054e-02
1.089169825847064246e-02
1.084715943292030929e-02
1.079254541580741862e-02
1.072605182214047756e-02
1.064579821872626945e-02
1.054995875434163941e-02
1.043695023537139291e-02
1.030566430996349495e-02
1.015569568127242320e-02
9.987467989384993944e-03
9.802112393753840275e-03
9.600965853618173909e-03
9.384720679590464673e-03
9.152643500800489856e-03
8.902732457077200748e-03
8.633540714975584257e-03
8.346760452224171248e-03
8.047211325044623456e-03
7.738155794333148770e-03
7.418217914133599065e-03
7.088130973764431714e-03
6.754471012762121827e-03
6.417418640850997523e-03
6.073938266712658983e-03
5.728983440310774812e-03
5.387738129791173891e-03
5.057281159720631962e-03
4.720646704550294191e-03
4.398055054035203935e-03
4.081459195739971929e-03
3.779403284554598823e-03
3.485955041127451488e-03
3.199499604831801576e-03
2.939290842610286451e-03
2.689095383701676622e-03
2.448732701143257941e-03
2.231164115441147851e-03
2.032361540551112442e-03
1.860831234491649262e-03
1.695617542649479129e-03
1.545576512632192883e-03
1.409776506250407435e-03
1.283888371739598478e-03
1.173453039538747576e-03
1.069527823702345502e-03
9.803816593897760751e-04
8.990465231607310155e-04
8.274211021851747691e-04
7.593340908950584793e-04
7.006218258322396281e-04
6.471613718737490722e-04
5.980093499987763125e-04
5.506156837898604130e-04
5.082223371284727217e-04
4.694866004639449211e-04
4.324100419414698710e-04
3.973042713104456432e-04
3.662850399802520672e-04
3.364948465254107577e-04
3.090933952389671277e-04
2.828624679555981976e-04
2.590443978381803633e-04
2.371231427973368886e-04
2.168436778906841355e-04
1.980432188556967906e-04
1.805076794627996889e-04
1.643238339905524995e-04
1.490903685879709872e-04
1.348199671967702901e-04
1.215942622345026554e-04
1.093520533089772066e-04
9.768147378815328417e-05
8.694843309590834745e-05
7.703141834320926466e-05
6.779056663146136954e-05
5.917505787378368195e-05
5.137853869427909338e-05
4.430388927835832093e-05
3.791756507059687771e-05
3.215615679977729948e-05
2.711051297732063145e-05
2.257204334127415962e-05
1.864218787558063448e-05
1.513722940717281436e-05
1.226777314474063002e-05
9.767170803285463997e-06
7.832883335899505162e-06
6.162942703761598987e-06
4.905985217933468603e-06
3.918373919244293178e-06
3.183417295519041926e-06
2.561746157545401983e-06
1.973986094053290894e-06
1.254157890608783038e-06
3.306727556695704628e-07
