2.434333185709915170e+01
1.994579738951447112e+01
1.650016132761260934e+01
1.388054554032347809e+01
1.197940002457908548e+01
1.069119791606209091e+01
9.892106274951514067e+00
9.425641084685137727e+00
9.100608683616616901e+00
8.707878107492112107e+00
8.062271317458515441e+00
7.061192446761600294e+00
5.741036374428488465e+00
4.294759773899062161e+00
3.001186844107991192e+00
2.106355336206926054e+00
1.692408004795891374e+00
1.612520818107916254e+00
1.588366862615482100e+00
1.410952789871234625e+00
1.081173481949350146e+00
7.605618799103033290e-01
5.691098532800706877e-01
4.713630913831787228e-01
3.725312306401269979e-01
2.733327549229012665e-01
2.091517443248830932e-01
1.610570411151808767e-01
1.200648803270699255e-01
9.125232981162753609e-02
6.840601806484820913e-02
5.185702420021079395e-02
3.857581841016335944e-02
2.891347186136312281e-02
2.183505994250492868e-02
1.657314846834206587e-02
1.254026581932960079e-02
9.454175082386341231e-03
7.187715789152348406e-03
5.458907332203371404e-03
4.164939881307352931e-03
3.177087585098441799e-03
2.439385304705910754e-03
1.859778692827066633e-03
1.420829503096063913e-03
1.088196622910231250e-03
8.316239583054603523e-04
6.315919138692794362e-04
4.843523980836614263e-04
3.701386621437638088e-04
2.833493951588183873e-04
2.189576474120448024e-04
1.709286694229893047e-04
1.316822085135843190e-04
1.038871245185677962e-04
8.041062548789880480e-05
6.382182858035660017e-05
4.940746247590844321e-05
3.931551137164530419e-05
3.039199888553289618e-05
2.362253517402259238e-05
1.797781385510302464e-05
1.400796297368949224e-05
1.069260167051311164e-05
7.966307740552546680e-06
6.136454717230893120e-06
4.625457910167709145e-06
3.400003278268884135e-06
2.556317143582019230e-06
1.927295893007370865e-06
1.419484900581643538e-06
1.017687069056743807e-06
7.322469094890102983e-07
5.310071079945874921e-07
3.586740937561393697e-07
2.550834226068267423e-07
1.757272101309979234e-07
1.306221804104015790e-07
8.940130775046794496e-08
6.301808087290283025e-08
4.003599181365499432e-08
2.847542552789642812e-08
1.971025220231669811e-08
1.322961490707063368e-08
8.563065657803683670e-09
5.296160449461013847e-09
4.059205972606937583e-09
2.317884250399429774e-09
1.446981854806735240e-09
1.037951129925609152e-09
5.960726361436430018e-10
4.035394262504709112e-10
2.021197129722446054e-10
1.246695622263316213e-10
1.015753518536175872e-10
3.919359063335508961e-11
3.071586372995494846e-11
1.442898013968733560e-11
9.594081338008716293e-12
5.162061727336521188e-12
