2.478560442143666442e+05
1.858362170893982984e+05
1.380193941297997953e+05
1.016059571865118196e+05
7.419249758972959535e+04
5.377261845411326067e+04
3.871128164338157512e+04
2.770374831109360093e+04
1.972777289099276823e+04
1.399518430463532968e+04
9.906733497745972272e+03
7.012297344797029837e+03
4.977245806368548983e+03
3.554950920881040474e+03
2.564950128137033062e+03
1.876068517555261678e+03
1.393751923442950556e+03
1.050863532643958251e+03
8.011536902241251710e+02
6.144704258107009309e+02
4.726271340063602224e+02
3.650446947950068761e+02
2.843176836798039062e+02
2.234126739772286783e+02
1.761349811496015150e+02
1.389650611516157426e+02
1.101322615492024113e+02
8.751503452386820925e+01
6.952652082998109506e+01
5.534829510103148209e+01
4.403599822198162173e+01
3.506150386628699067e+01
2.786132536640410606e+01
2.213932903902994909e+01
1.758508235581152945e+01
1.394883782401802463e+01
1.104463775559232275e+01
8.724541392626839809e+00
6.879029224893395522e+00
5.417327634443187989e+00
4.250155459510825295e+00
3.324406581097606672e+00
2.593630053537051783e+00
2.019690152163432284e+00
1.561597966852902974e+00
1.201307488255401346e+00
9.168585497041531474e-01
6.983422960862640805e-01
5.306389296212975504e-01
4.132580950424558086e-01
3.180063183359926327e-01
2.455863909919541732e-01
1.858454428088731902e-01
1.441794894640645586e-01
1.034291196075693142e-01
7.767038055959539500e-02
6.168026813470663117e-02
4.876888429516373219e-02
3.793906006064291792e-02
2.869573669961038992e-02
2.017956916945234241e-02
1.412078883224841645e-02
1.022043816639016389e-02
7.601903686124917431e-03
5.364910161860930553e-03
3.862622880800209262e-03
2.829207664434168958e-03
2.023264332034039898e-03
1.455857241819993137e-03
1.026790670515265787e-03
7.294976174871218308e-04
5.154115294778999082e-04
3.633340445056224281e-04
2.527285797226081041e-04
1.756376413130516265e-04
1.216890551579276027e-04
8.335245532406275286e-05
5.674065443911470517e-05
3.820663245619495928e-05
2.525411544873575515e-05
1.626681143583454675e-05
1.021748800314857615e-05
6.277778856249013091e-06
3.737130950887442360e-06
2.164236567696186276e-06
1.230037724693472992e-06
6.880588062912693171e-07
3.827297177742563718e-07
2.142395483642137311e-07
1.199575921322988141e-07
6.647818281554208196e-08
3.669422180951288024e-08
1.738647571918120873e-08
4.926295677921236417e-09
-2.909394832286669903e-09
-8.230318242939485347e-09
-1.157857130166768676e-08
-1.342109564550520288e-08
-1.391787012725362512e-08
-1.380228035228343636e-08
