8.523420472316549858e+05
6.706595016744657187e+05
5.201999562662310200e+05
3.978480258403584594e+05
3.000908732925598742e+05
2.233047652916762454e+05
1.639801698521402723e+05
1.188796230215858086e+05
8.513222650134003197e+04
6.027481177629743615e+04
4.225264427350850747e+04
2.939274368802866229e+04
2.036138730192009825e+04
1.411501259716808454e+04
9.851198391856240050e+03
6.964056420381990392e+03
5.006316612905263355e+03
3.658550650794926241e+03
2.704219073006097460e+03
2.007674678710119224e+03
1.491707193912339790e+03
1.113205213872260629e+03
8.408442037517284007e+02
6.437754410014906625e+02
4.957765894442339913e+02
3.829012396425035831e+02
2.982900054414045599e+02
2.338082404374008263e+02
1.836916938546568474e+02
1.450804161314111411e+02
1.147851665490868385e+02
9.110829056931598302e+01
7.229304302978781038e+01
5.746971505729172236e+01
4.573623462907328019e+01
3.639008584213171105e+01
2.892664300029346691e+01
2.295630484864626197e+01
1.819536729115414531e+01
1.440747718639414465e+01
1.137904665005813953e+01
8.970472941026585545e+00
7.057974625444753514e+00
5.541875266995869076e+00
4.338855287841875352e+00
3.387727403274683358e+00
2.636425524773171603e+00
2.045760640850990519e+00
1.582504671890393455e+00
1.224690668264016624e+00
9.441795770045227076e-01
7.266422516279300581e-01
5.559569436217062233e-01
4.263567972984767529e-01
3.206301110517005837e-01
2.428369001000280913e-01
1.860548521671525901e-01
1.422435541286681260e-01
1.080922698589625308e-01
8.123498407673329647e-02
5.948920156957755723e-02
4.337106730468683058e-02
3.186005120459908802e-02
2.352797004056723582e-02
1.703538453460971477e-02
1.237164526971538253e-02
9.002167038467722218e-03
6.478360794569908848e-03
4.654028948350540616e-03
3.309762195241793600e-03
2.350176008416352512e-03
1.659027223833259420e-03
1.165402653492794227e-03
8.116308153191195435e-04
5.627142435648908782e-04
3.881602663756716530e-04
2.658717136253145922e-04
1.813022562176977404e-04
1.230257110741801913e-04
8.298016926753966338e-05
5.553491234455137514e-05
3.687557177935070214e-05
2.427860512279707546e-05
1.575291983645930779e-05
1.003979665888244776e-05
6.257470850233480127e-06
3.793026829571181590e-06
2.225935251956065798e-06
1.258098809348270398e-06
6.811195521257507396e-07
3.499368724129246485e-07
1.699826641846976182e-07
7.453755039184458589e-08
2.656462280339376540e-08
3.875309217576663315e-09
-6.678844098770148414e-09
-1.124528349165114711e-08
-1.278170955856173372e-08
-1.251848623079572688e-08
-1.197076099952070016e-08
