8.767800795769250044e+01
7.105822770619462858e+01
5.758242772278802590e+01
4.663888387516710310e+01
3.774769567201439457e+01
3.053084769600856774e+01
2.468913551548405394e+01
1.998293753802224870e+01
1.621462275604766390e+01
1.321180688073917864e+01
1.081269548438171135e+01
8.859426073391183820e+00
7.205340025690053274e+00
5.741606446561206667e+00
4.436902613717689015e+00
3.360802221249762578e+00
2.642906466059648629e+00
2.344443910455029645e+00
2.312790672888820342e+00
2.199977018683989094e+00
1.763428628285641064e+00
1.184832672684222432e+00
8.755938764213265779e-01
8.541575199546904695e-01
7.441346310085613647e-01
5.184546182908144063e-01
4.214861413933684853e-01
3.548083332543412460e-01
2.634578204498073672e-01
2.142126146716941959e-01
1.637242375266564631e-01
1.312179744606593035e-01
9.758812155512470998e-02
7.568631356527681653e-02
6.012672961489026746e-02
4.713139874978053423e-02
3.646461055221899422e-02
2.775101503987606119e-02
2.110716855346207385e-02
1.616303592102888084e-02
1.225077136376342968e-02
9.324895726917709765e-03
7.131015583068940449e-03
5.463722629134993083e-03
4.187816846770176134e-03
3.219703425135408623e-03
2.479483516969931915e-03
1.907433790976608475e-03
1.466245853357814235e-03
1.125532164707541277e-03
8.599910332867581695e-04
6.538701340119551508e-04
4.943633020621904153e-04
3.722398186947684031e-04
2.792957744706008657e-04
2.104971819232916716e-04
1.599176752690107458e-04
1.220726383882001376e-04
9.303604475958900154e-05
7.208382832957675810e-05
5.554104821808255780e-05
4.345088404637299106e-05
3.363708121444918415e-05
2.590182853504548798e-05
2.000243018523718345e-05
1.551558136510255303e-05
1.196029024192304922e-05
9.032219640660432212e-06
6.759145161076315161e-06
5.092864641019968734e-06
3.881376646229762770e-06
2.841820486172333547e-06
2.108868204648271697e-06
1.526605325166280474e-06
1.127633669945013974e-06
7.921086805807510340e-07
5.704455267246678671e-07
3.997982971531520104e-07
2.907669618076540577e-07
1.989517167725722355e-07
1.369012975279154895e-07
9.533551421632432484e-08
6.445662706431379848e-08
4.440445260854465045e-08
3.143203994325314615e-08
2.041907287921067230e-08
1.364879332668069142e-08
8.139000626542395619e-09
5.465935584181049344e-09
3.551872925866203437e-09
2.219589644466906243e-09
1.319951257806160684e-09
9.745861876034687831e-10
6.117408046685515897e-10
3.099584929790679467e-10
2.068129550549439091e-10
1.070326195331348077e-10
6.288772029141385990e-11
2.514674203093660811e-11
1.427447246002903306e-11
