3.577091734949730453e+05
2.712392643944894662e+05
2.034297560427049466e+05
1.509961836170278548e+05
1.109840073156525468e+05
8.082713727570211631e+04
5.836216901329998655e+04
4.181125706090554741e+04
2.974548385924684771e+04
2.103840295049414635e+04
1.481689468950118135e+04
1.041407484202601881e+04
7.327015493968741794e+03
5.180566771244515621e+03
3.697581625442001950e+03
2.675252379066150297e+03
1.966941066462428125e+03
1.468683829189620383e+03
1.109336870399103418e+03
8.430455283476519526e+02
6.425177982043111342e+02
4.919877785048474266e+02
3.803473239698421366e+02
2.970568636473336710e+02
2.329744971298235896e+02
1.829853694669673132e+02
1.445235020486940130e+02
1.145523522246566586e+02
9.083503112749916397e+01
7.222944349188652780e+01
5.743251497464010669e+01
4.572528151650059414e+01
3.634620541402531302e+01
2.890159975533516956e+01
2.297912623655180298e+01
1.824937220287698381e+01
1.446914006494400340e+01
1.144665955472551921e+01
9.039658541036265760e+00
7.129405247603131102e+00
5.605197962757424435e+00
4.395940704787591358e+00
3.439447175673308266e+00
2.685412212030863444e+00
2.086365416932296935e+00
1.614426509847240565e+00
1.242140781618834344e+00
9.532352227546339041e-01
7.296297255811547977e-01
5.656218676205243545e-01
4.350765533021435649e-01
3.349110619645777054e-01
2.545032174431953731e-01
1.957781290401937047e-01
1.442510093903877355e-01
1.087366755528439005e-01
8.405089948770254338e-02
6.462402435219699592e-02
4.915916950950813269e-02
3.685502965625551269e-02
2.670094475342131568e-02
1.930303480839151015e-02
1.411915045435604282e-02
1.041002836058890074e-02
7.508549874842360659e-03
5.440247614251282268e-03
3.954529379386334878e-03
2.841659595368763690e-03
2.039856419508661364e-03
1.449330712074915284e-03
1.028596342388385550e-03
7.263325964114163450e-04
5.104613713738039189e-04
3.559945491501856048e-04
2.473317157301876761e-04
1.711396403857350296e-04
1.175661188560976178e-04
8.035454233107568818e-05
5.448501661599040082e-05
3.647805057011879704e-05
2.402431160812198489e-05
1.551773098833207743e-05
9.813347738484839836e-06
6.037498386081531236e-06
3.608256285652109876e-06
2.104094615547461907e-06
1.194323428327032867e-06
6.631150839732158977e-07
3.654547744994841454e-07
1.997778372620674890e-07
1.090981208960081148e-07
6.018653579287215403e-08
3.203671765235326045e-08
1.550568871749972555e-08
5.673720632486174712e-09
-5.959563083990463943e-10
-4.189598628173126521e-09
-6.568669454636667921e-09
-7.623452806075722909e-09
-8.007544572651382415e-09
