3.715284993466782737e+01
3.019154943784919709e+01
2.457121220398919093e+01
2.007258386234896008e+01
1.652386106224855311e+01
1.378529229979725912e+01
1.173133875929018366e+01
1.023397225192722182e+01
9.146156871591186288e+00
8.295807522978105197e+00
7.497960283914603785e+00
6.589314582007007814e+00
5.487392695439424983e+00
4.241416049292021206e+00
3.041527535359770607e+00
2.142540696130501576e+00
1.712918891202926952e+00
1.689104243354961232e+00
1.777766791474019170e+00
1.668215254725869068e+00
1.294807475252014672e+00
8.833194714272099013e-01
6.630187573587235095e-01
5.825539757327804491e-01
4.763139404900434970e-01
3.468547277693628250e-01
2.717739105856297743e-01
2.143132101433256609e-01
1.612702417220318596e-01
1.246775644040139519e-01
9.431323681210218579e-02
7.275792678500354882e-02
5.427438370375161497e-02
4.112814578992549791e-02
3.154128782100007466e-02
2.399299839974092241e-02
1.825188918000776594e-02
1.374254280197107110e-02
1.041596477478338480e-02
7.921035101587760655e-03
6.038346559810126198e-03
4.593093643320723431e-03
3.520865496843694417e-03
2.698298340277664568e-03
2.075279986316781906e-03
1.595999941475972125e-03
1.220406562211060961e-03
9.269782198132440641e-04
7.075170313799866717e-04
5.366392971662620800e-04
4.103427911455173800e-04
3.125665144065006471e-04
2.385397392085902141e-04
1.825986197209164183e-04
1.410386929369304514e-04
1.100410721339443380e-04
8.524938933125124883e-05
6.707251161734157491e-05
5.212459608559331090e-05
4.112685268339780610e-05
3.192958001520939000e-05
2.491497441333173933e-05
1.932533787918226979e-05
1.468435017740593246e-05
1.140696329585788657e-05
8.682989335454264281e-06
6.456414730780685274e-06
4.954785730763694317e-06
3.566878834882717790e-06
2.728388549692266335e-06
1.993241433593730375e-06
1.454302345769104357e-06
1.062625762440192288e-06
7.553631550446086382e-07
5.387182679930731892e-07
3.872150405909602260e-07
2.818262240681369619e-07
1.999490300328690496e-07
1.377803030220108336e-07
9.166325234767734484e-08
6.209231710090210786e-08
4.333133956956520797e-08
2.724046254510352300e-08
1.918899597288812908e-08
1.314968163844107794e-08
8.738266606344535692e-09
5.596969305791186328e-09
3.422081287442598248e-09
2.598063990475602187e-09
1.463737810034006965e-09
9.012899300377830206e-10
6.379210109127617081e-10
3.595043441183747410e-10
2.381456600780865753e-10
1.156857287157268066e-10
9.249517691523822584e-11
5.318932008247388888e-11
1.885290476392815408e-11
1.296556170740426987e-11
4.722758321705800269e-12
