3.329639117425959444e-02
3.324115233459179475e-02
3.317206644095109513e-02
3.308586110795601332e-02
3.297860444640138278e-02
3.284563766363435972e-02
3.268154141189225093e-02
3.248016519633541849e-02
3.223476046825723973e-02
3.193826805245984779e-02
3.158381277370408968e-02
3.116544029567779733e-02
3.067907426296974382e-02
3.012355398950672739e-02
2.950142603432633764e-02
2.881895221497678475e-02
2.808472335843913148e-02
2.730664910785002286e-02
2.648825996200814686e-02
2.562697782516904638e-02
2.471754579814921735e-02
2.376007945245404984e-02
2.276436483096487204e-02
2.174116505028830804e-02
2.069075423738852074e-02
1.961351625009593105e-02
1.852732076759129251e-02
1.745259951346979019e-02
1.639882351865390095e-02
1.536817725336242675e-02
1.435118327052383250e-02
1.335639975294251013e-02
1.240619368230893617e-02
1.146668832761621286e-02
1.056792311093428423e-02
9.728308739800684002e-03
8.948546451887248038e-03
8.217416952095808400e-03
7.528195436307447315e-03
6.899467853802669463e-03
6.316386693777773301e-03
5.790391880674035201e-03
5.303628278288137661e-03
4.872617183556029845e-03
4.473205198863171653e-03
4.107484531165010201e-03
3.777387334853534763e-03
3.480187073666474000e-03
3.208282312248166793e-03
2.958378051454433385e-03
2.723769267377000765e-03
2.513097951148589738e-03
2.304687608174764597e-03
2.115867120119034085e-03
1.935459076809041600e-03
1.772996812559702890e-03
1.613655736708395974e-03
1.467608923700930218e-03
1.331077808136261207e-03
1.209415807851790814e-03
1.094235996273292856e-03
9.912152773994243292e-04
8.967485836846945989e-04
8.121128555892146361e-04
7.320444587900050643e-04
6.599517907877140493e-04
5.927777349295055512e-04
5.316940342751435775e-04
4.745297580002915587e-04
4.221301902788469310e-04
3.740899569299576126e-04
3.309153756005704878e-04
2.907786583395127332e-04
2.550473730401431544e-04
2.225044271863543203e-04
1.944108629897634488e-04
1.691514273327855385e-04
1.469520063806788613e-04
1.272048128828870439e-04
1.097149762597028665e-04
9.421779782582845612e-05
8.029272367892297630e-05
6.786893199292340991e-05
5.699117182349201593e-05
4.772821597120119010e-05
4.010574280173304871e-05
3.365682475011712305e-05
2.794045621852921240e-05
2.302775782393403254e-05
1.894582614166524930e-05
1.589289340953303957e-05
1.325477433416020103e-05
1.093338846814890955e-05
9.114698870217796399e-06
7.764790258395963966e-06
6.500577923454526908e-06
5.724169108863502164e-06
5.080253962450796816e-06
4.372797167474636051e-06
2.348846320736053166e-06
