8.883801698649288028e+02
6.920512914465821268e+02
5.423237814977676408e+02
4.272128700635460063e+02
3.380096895221648197e+02
2.683574519807107777e+02
2.135908077810679515e+02
1.702639419405392118e+02
1.358134637736304455e+02
1.083172023649853060e+02
8.632097707989481705e+01
6.871333408208920446e+01
5.463398921358446358e+01
4.340601955138475176e+01
3.448533176447345738e+01
2.742399885854399599e+01
2.184637512904106771e+01
1.743694581874493466e+01
1.393520879901444154e+01
1.112948359519148056e+01
8.850912968093220812e+00
6.988784269969188223e+00
5.517977409031941782e+00
4.425344380981989900e+00
3.549002220649716932e+00
2.753191956095363935e+00
2.191677970989601487e+00
1.776082219008895180e+00
1.362646645885729590e+00
1.105881621212114307e+00
8.544141859736011924e-01
7.120722711920548509e-01
4.951958441460948546e-01
3.912007211669822349e-01
3.508379742539184387e-01
3.075421002239830393e-01
2.521075156635357861e-01
1.862151866735414218e-01
1.383949868396847638e-01
1.095375354465898121e-01
7.860786510144815442e-02
5.764941927245748055e-02
4.356664084451892377e-02
3.364493024760593226e-02
2.549043573858707223e-02
1.946281266424361098e-02
1.484537489581633403e-02
1.138900808823718053e-02
8.726779028284458589e-03
6.727825257525240493e-03
5.144070711220306326e-03
3.928921071550715155e-03
2.993192038267595678e-03
2.281960523433942001e-03
1.732731837452265462e-03
1.318487745175066315e-03
1.003559755653904255e-03
7.599768372013682247e-04
5.745351628566108338e-04
4.305326392903062026e-04
3.197936597443229402e-04
2.347039726251247600e-04
1.706157186415073782e-04
1.228050698816894929e-04
8.763082375138100380e-05
6.232797852781643468e-05
4.456159920141940109e-05
3.207677186694080150e-05
2.333825936370050884e-05
1.715428322264316878e-05
1.279699351784895797e-05
9.666140497815711708e-06
7.320859003608019003e-06
5.531910690910124147e-06
4.196395069177693082e-06
3.132806587501843053e-06
2.366243270273891857e-06
1.754157108030196430e-06
1.305202335920524187e-06
9.368646731914330958e-07
6.959524619361355345e-07
4.981583697138083444e-07
3.539325518193144122e-07
2.497603064480020581e-07
1.753654128329167937e-07
1.228213922755466248e-07
8.595740091999521570e-08
5.861512703394090456e-08
3.879301673561858814e-08
2.562793863476511724e-08
1.697783331511067043e-08
1.133174208777930709e-08
7.311876590063614421e-09
4.528751274729727930e-09
2.818053012926380310e-09
1.765213056463819354e-09
9.779841205906759421e-10
5.285433222755504149e-10
2.703163062181363456e-10
1.073353973273928519e-10
