9.220513851145016593e-02
9.199907746718036239e-02
9.174156315608399115e-02
9.142055547920423242e-02
9.102166088616152340e-02
9.052794159174136490e-02
8.991988155914919234e-02
8.917563157425623110e-02
8.827170082575190591e-02
8.718430054190198786e-02
8.589154834152171181e-02
8.437665755195854211e-02
8.263198260056829614e-02
8.066327606010152695e-02
7.849269937947016273e-02
7.615821034671392542e-02
7.370662379053889712e-02
7.117930311730322201e-02
6.859462123238338482e-02
6.593924059012409855e-02
6.318345865175359344e-02
6.032015001698352863e-02
5.739032140912163349e-02
5.444816423596292310e-02
5.150274028352178762e-02
4.855371294282417177e-02
4.565980438334620722e-02
4.284635556392379918e-02
4.009301850655794253e-02
3.744944556951584208e-02
3.490196876182379004e-02
3.249941740176670590e-02
3.023090820405496815e-02
2.809161707844991945e-02
2.608443826564391457e-02
2.427354383203794014e-02
2.257800645865103498e-02
2.097529334192409917e-02
1.952056383633379161e-02
1.819726088112826740e-02
1.695436808483798130e-02
1.580049589542090183e-02
1.472542300101817130e-02
1.371080745411667676e-02
1.273729022133281673e-02
1.182369041815379933e-02
1.094813650785176479e-02
1.011759578279676497e-02
9.305800005182194440e-03
8.540457979362005986e-03
7.802055847968872651e-03
7.116831370377005653e-03
6.475052726396130116e-03
5.885724438032279883e-03
5.346234806986767396e-03
4.856171311087505854e-03
4.407018064092473909e-03
4.004908700128886889e-03
3.635238640926431123e-03
3.297959377602356114e-03
2.984392941175839295e-03
2.697954994486612655e-03
2.432776700115271088e-03
2.187886391965793154e-03
1.962321075399192909e-03
1.757005151460389871e-03
1.566709415009389381e-03
1.391858875304217936e-03
1.232594959659742999e-03
1.087619395863754493e-03
9.553416669730603996e-04
8.377807357524113532e-04
7.330487260316433671e-04
6.403881553296220846e-04
5.603271455053073511e-04
4.918463765475470425e-04
4.335751256281742674e-04
3.840403285193799829e-04
3.410124878958567117e-04
3.016327248049361504e-04
2.644833204176790247e-04
2.294154981811151331e-04
1.964395598975957015e-04
1.661484537874324580e-04
1.418756019248320190e-04
1.245292362572424072e-04
1.108014877892883707e-04
9.541921836489657464e-05
8.110393431231353715e-05
6.889342543708281265e-05
6.042864011486181016e-05
5.202501109167829345e-05
4.329433875383542364e-05
3.694212647171849390e-05
3.157214266384325850e-05
2.548210743754917394e-05
2.135242228001712811e-05
1.722602618660903090e-05
1.501205999174528655e-05
9.410452758864048874e-06
