1.127034418749031756e+05
8.306386298354409519e+04
6.083329400847294892e+04
4.430773471485696791e+04
3.212060449508643433e+04
2.319620489471515612e+04
1.670151496335481716e+04
1.200059200889366730e+04
8.613968645615659625e+03
6.184056127216050299e+03
4.446645001803834930e+03
3.208049755772902245e+03
2.327175645148692638e+03
1.701704379627886965e+03
1.257630031561035821e+03
9.414749486500172679e+02
7.146369542838225470e+02
5.494256612527780135e+02
4.263953100710529611e+02
3.325410199539533664e+02
2.598259136233956497e+02
2.035312772430906421e+02
1.603725887023409484e+02
1.271652362250644615e+02
1.009934681874922404e+02
8.015427681808299099e+01
6.378568171717434154e+01
5.082095020660436546e+01
4.043883587826618253e+01
3.220595377329370734e+01
2.561356612539039546e+01
2.036934858058074482e+01
1.615852795110480855e+01
1.281105552397108482e+01
1.014965648357707728e+01
8.029738124947957800e+00
6.341460655034386384e+00
4.993970596040584020e+00
3.925060163554807691e+00
3.085203186500645511e+00
2.405655810797773686e+00
1.865551072677236188e+00
1.443046012016833135e+00
1.116760742609318457e+00
8.510870438204074517e-01
6.451796762708772448e-01
4.841399319470187090e-01
3.657618873321780151e-01
2.772995830239711745e-01
2.194421197772475074e-01
1.696403803290452983e-01
1.313658281913446801e-01
9.939262201665675922e-02
7.666940343157245541e-02
5.628096320056366619e-02
4.245783751030573344e-02
3.265928918608279607e-02
2.491699750528435578e-02
1.881515106069028137e-02
1.405361371451723483e-02
1.028268315281966744e-02
7.511866313252622482e-03
5.514363844983524547e-03
4.056867325724764460e-03
2.946622205058733752e-03
2.140458679238184392e-03
1.553955165362563796e-03
1.119407809675151575e-03
8.045948589503191303e-04
5.742941582643328871e-04
4.090361437055251188e-04
2.900056432001696383e-04
2.047580638500435049e-04
1.434593969407133680e-04
9.975542111770189027e-05
6.864279205320962475e-05
4.650448688171528394e-05
3.096268877894078995e-05
2.019964654873575440e-05
1.287454289811679791e-05
8.014073564500258810e-06
4.894940016736630489e-06
2.956264818633712819e-06
1.783024763914435866e-06
1.087435782719164378e-06
6.798480120995347667e-07
4.374273051126573255e-07
2.918455158009515417e-07
1.985188091150508716e-07
1.366221112335250477e-07
9.454468431073413836e-08
6.499326080437085756e-08
4.360765150394761248e-08
2.841937997046583050e-08
1.753777334366232180e-08
9.986176009844753659e-09
4.826800748441227095e-09
1.391798805259157178e-09
-7.806995716430177356e-10
-1.897715588002503514e-09
