6.429527155589522813e-01
6.415006696714550261e-01
6.396871942583879367e-01
6.374284063566911795e-01
6.346244628612187633e-01
6.311585820413325720e-01
6.268973677517125642e-01
6.216933935820869728e-01
6.153913566010822400e-01
6.078394144768330953e-01
5.989073619254041692e-01
5.885126769472283081e-01
5.766535317590641974e-01
5.634438401893341331e-01
5.491388937237946521e-01
5.341323667848226764e-01
5.189015711332836123e-01
5.038887440817653163e-01
4.893453723132608624e-01
4.752323243662860408e-01
4.613080888736461049e-01
4.474335649674893167e-01
4.338228185869090758e-01
4.208057760433268624e-01
4.082831111148081948e-01
3.959241343149367820e-01
3.839059538127018167e-01
3.722163478641211110e-01
3.603221976652548064e-01
3.484845108453561990e-01
3.363657053657851947e-01
3.241019770063281458e-01
3.112938645308725438e-01
2.980095773542715820e-01
2.842349277669275476e-01
2.699721870108391930e-01
2.553525730646521441e-01
2.404294929333195829e-01
2.254488711060411710e-01
2.106227661386387839e-01
1.961410518247167223e-01
1.821482183975318414e-01
1.688735982090213694e-01
1.563330536424212824e-01
1.445474459090357044e-01
1.334984689607322528e-01
1.231081763662119632e-01
1.133641899638277162e-01
1.042098000146416403e-01
9.562857055208337509e-02
8.760638898590930590e-02
8.012342441068430465e-02
7.319963731435626120e-02
6.680609196139777883e-02
6.093043918488560279e-02
5.555280500628914653e-02
5.065297486303214219e-02
4.619653422483076255e-02
4.214389504124364111e-02
3.845300918936919027e-02
3.509360363905608682e-02
3.203490834590636688e-02
2.924183723355946660e-02
2.665506431047076283e-02
2.421898888083425655e-02
2.188467474473791349e-02
1.963866713692455357e-02
1.748370423124935569e-02
1.546223882146319749e-02
1.359674160801313536e-02
1.192047778863999236e-02
1.045319771261200154e-02
9.171882928728055523e-03
8.042191673882597910e-03
7.076317482571896876e-03
6.260420309488752381e-03
5.583875643960939557e-03
4.987790935816092779e-03
4.458096465942215300e-03
3.931668283628293736e-03
3.454885104971917864e-03
3.043137032698120265e-03
2.702678508132617171e-03
2.365274931707119985e-03
2.078443003684096561e-03
1.836864773392052992e-03
1.631380013381842926e-03
1.421465063950775026e-03
1.261191549670796991e-03
1.112156530629229787e-03
9.872265418735723906e-04
8.630037980460343030e-04
7.611341448859024368e-04
6.716399811040411330e-04
5.894502367908939023e-04
5.056354876224864901e-04
4.304948936014467605e-04
3.595243663511133543e-04
2.965882796895520364e-04
2.274815243223329191e-04
