2.370035338201551267e-01
2.363992850166104776e-01
2.356444603362037593e-01
2.347040060070925416e-01
2.335361277540264346e-01
2.320918221611776577e-01
2.303149135207236964e-01
2.281429737426098892e-01
2.255096390291588815e-01
2.223489494927060328e-01
2.186023392232680218e-01
2.142286319607105416e-01
2.092166015864053707e-01
2.035980526224398790e-01
1.974568662517072748e-01
1.909266622816082615e-01
1.841688407460832788e-01
1.773281244692911374e-01
1.704789845052877006e-01
1.636006903795405032e-01
1.566273667667691938e-01
1.495677351977316161e-01
1.425731471922140892e-01
1.358061157913707517e-01
1.292440953614354404e-01
1.228178764009267010e-01
1.166736862783763345e-01
1.108589733808405808e-01
1.052380035553274890e-01
9.993887037390361550e-02
9.488885478095454573e-02
9.014104231729783145e-02
8.566409813574692167e-02
8.140416987609011557e-02
7.737600899326801951e-02
7.354629989148707414e-02
6.981101900606501154e-02
6.620959432669182299e-02
6.258372478811076445e-02
5.900756445105888315e-02
5.545872288076740542e-02
5.189658329187557539e-02
4.839446684150874173e-02
4.493199034745836568e-02
4.155725204721178595e-02
3.831273944031079320e-02
3.521900674809683857e-02
3.233786743510298767e-02
2.965263148173897037e-02
2.718480807121378268e-02
2.490982557299234457e-02
2.283112655302204155e-02
2.091358734438531625e-02
1.915410395333819876e-02
1.751349279999830227e-02
1.599849384315433359e-02
1.459741160216265245e-02
1.330372904113226624e-02
1.211094344857485162e-02
1.101629625752823319e-02
1.000491997224194247e-02
9.079965332028138228e-03
8.230795933595703301e-03
7.452257930100774502e-03
6.730505882585237007e-03
6.059289828101716360e-03
5.432903514722168745e-03
4.847378680377408336e-03
4.299557692087617976e-03
3.791345888372708080e-03
3.322290932419244992e-03
2.898389363110488205e-03
2.518558099674252527e-03
2.184445829274841641e-03
1.900052913520618040e-03
1.666369491723794722e-03
1.479795087829400115e-03
1.327033492640352589e-03
1.194199028428374410e-03
1.064847015792811996e-03
9.389209978295631059e-04
8.213039440723518764e-04
7.126928185126216262e-04
6.071535724837719009e-04
5.218159778418903763e-04
4.642371453685104087e-04
4.162559877627968808e-04
3.563522087490313996e-04
3.070036090285589497e-04
2.638035034090080639e-04
2.315741504417911207e-04
1.981760480874153647e-04
1.681308305471269275e-04
1.459279823825179311e-04
1.249122144664304541e-04
1.035322312094258564e-04
8.706238815076569376e-05
7.094279684555371962e-05
5.817796762676804737e-05
3.988746809769159595e-05
