9.836141629178846779e+04
7.234231974391985568e+04
5.289951425797369302e+04
3.849164171836570313e+04
2.789347658672451871e+04
2.014799309606119277e+04
1.451901532023634536e+04
1.044778385093289216e+04
7.515125161801721333e+03
5.409753386127696103e+03
3.902501999931878345e+03
2.825878202416821750e+03
2.058159666608514272e+03
1.511230589770756296e+03
1.121420491577508528e+03
8.427211345079628018e+02
6.418814558429412500e+02
4.949860384881271784e+02
3.851731830952739415e+02
3.011139568606763532e+02
2.357799781131680277e+02
1.850395313567813957e+02
1.460166605860310938e+02
1.159081384732841542e+02
9.212943317605474647e+01
7.316446781153941004e+01
5.824469615970314607e+01
4.641401627360499305e+01
3.693314788289224282e+01
2.941032665406201119e+01
2.338486465380411161e+01
1.859093207966594008e+01
1.474187991761637839e+01
1.168254953334451507e+01
9.251432994368068208e+00
7.316300216369344689e+00
5.776194197774985994e+00
4.546589239786051451e+00
3.571636518678652727e+00
2.807384696049041395e+00
2.185717175993018735e+00
1.691057144928039824e+00
1.304925267762545360e+00
1.008017551627863551e+00
7.636779454863683592e-01
5.740558138794122911e-01
4.246467641485042743e-01
3.159184528314483709e-01
2.355239018609000257e-01
1.889658009163579511e-01
1.466454782347384744e-01
1.148800280686820552e-01
8.623324380699548541e-02
6.819296598860624670e-02
4.677676212781511217e-02
3.503260321519721665e-02
2.885682233728738277e-02
2.347755356239419541e-02
1.858378814837711307e-02
1.413200913230549735e-02
9.707404816792223473e-03
6.634235958676232628e-03
4.768168521867370210e-03
3.571868471181269961e-03
2.488369083441373426e-03
1.787329558540737794e-03
1.318693204719083387e-03
9.428740755843120422e-04
6.819632028968361081e-04
4.809818647834250538e-04
3.437183250134825626e-04
2.443623499181427766e-04
1.734359625825711011e-04
1.208045616574194978e-04
8.381258722036555753e-05
5.762350285081957782e-05
3.872467908274246221e-05
2.563053436024593241e-05
1.664470355776775844e-05
1.053669804277103858e-05
6.480369041310441454e-06
3.923018161618356589e-06
2.386319149643540303e-06
1.456922767259754595e-06
9.100765593858611662e-07
5.931079362691371741e-07
3.997208839081412480e-07
2.765446682607487753e-07
1.947457806351661430e-07
1.361210301448144517e-07
9.363427737865917261e-08
6.344070672198491509e-08
4.028271483333762783e-08
2.321902915361392184e-08
1.115985710183524026e-08
2.542998943141602023e-09
-3.268043128310776734e-09
-6.949400365335243774e-09
-8.900198354315268728e-09
-9.763563621945403210e-09
