7.200780523622815963e+04
5.275471952659991075e+04
3.847500896654366807e+04
2.795855545831003474e+04
2.026063862774441441e+04
1.465481276301002254e+04
1.058981442781574333e+04
7.652113874875290094e+03
5.534592948363178948e+03
4.011120133609963887e+03
2.916402721895356080e+03
2.130330423115417034e+03
1.566003931042230533e+03
1.160705346303099532e+03
8.691738405614747762e+02
6.586724164206518708e+02
5.054509218896992593e+02
3.923067050513333243e+02
3.069913710018469146e+02
2.411857549510742729e+02
1.896834523101565821e+02
1.494153840999775582e+02
1.182431187673553978e+02
9.405457671773933725e+01
7.487149662142797979e+01
5.952230080552965319e+01
4.741048363050050796e+01
3.778591354467044994e+01
3.006320434001596453e+01
2.392913893757545551e+01
1.901435144307409431e+01
1.510389072632764140e+01
1.196481070616228415e+01
9.471418035521336876e+00
7.493191307207101914e+00
5.921779779192890558e+00
4.673184625802646153e+00
3.674460042108745661e+00
2.883313138926511421e+00
2.267420362196584716e+00
1.757823756487943534e+00
1.351540603465141599e+00
1.037028582528628728e+00
7.985264747055402790e-01
5.985837851012234534e-01
4.448979912867714326e-01
3.241261313983395120e-01
2.387905755760859894e-01
1.767830277105623127e-01
1.444269168762192523e-01
1.127294778236250239e-01
8.899495642975380205e-02
6.665891723473420238e-02
5.315989479463441997e-02
3.591170231468887586e-02
2.690199796678347313e-02
2.246145765303974792e-02
1.845558045342998027e-02
1.469449785288551996e-02
1.119877663117967506e-02
7.645531835431190922e-03
5.192703434452870283e-03
3.727077149655636489e-03
2.799885726523492196e-03
1.944799228447987400e-03
1.397195950618326408e-03
1.034084283979569028e-03
7.402460184384896270e-04
5.369211312777717390e-04
3.792250988285846003e-04
2.717361922636191032e-04
1.935693388032979061e-04
1.374866830509478659e-04
9.551566296139327140e-05
6.591299330874344641e-05
4.493779827388978042e-05
2.983975862310935925e-05
1.949492761795079874e-05
1.251566221025717467e-05
7.865157435676833919e-06
4.839518715363922853e-06
2.972880408796143658e-06
1.871440454439180853e-06
1.203487088828296324e-06
8.017426501884523459e-07
5.581245295218787457e-07
3.981653271708465592e-07
2.876292347013344024e-07
2.086910187957838655e-07
1.490629720215880314e-07
1.043607093703515181e-07
7.174800445696324005e-08
4.665021963395891540e-08
2.808735842053824981e-08
1.489190551931719179e-08
5.475690018917479305e-09
-9.036055922190936064e-10
-4.998096261250887570e-09
-7.277649487568412419e-09
-8.383235864247530526e-09
