2.332524922156146985e-02
2.328902546402434465e-02
2.324372836666425621e-02
2.318721778816204906e-02
2.311692467122970079e-02
2.302980872980929170e-02
2.292233907695501519e-02
2.279051719003935897e-02
2.262996886461916476e-02
2.243613791415506944e-02
2.220461476302791268e-02
2.193161925858316472e-02
2.161461597047029809e-02
2.125295733762477129e-02
2.084832112098088455e-02
2.040456879120161951e-02
1.992662104215554841e-02
1.941826030894482080e-02
1.887967193905090713e-02
1.830683648636668992e-02
1.769518983090504274e-02
1.704669042603213988e-02
1.637245989328509413e-02
1.568219826894063501e-02
1.497105421212742600e-02
1.423340150075209400e-02
1.348690827061953430e-02
1.274296646110469923e-02
1.198905065584011942e-02
1.124148134976702025e-02
1.050797499768373056e-02
9.792475201832458870e-03
9.094328957784557008e-03
8.407201378828266930e-03
7.768503134898411405e-03
7.157372274881613518e-03
6.578636799076051540e-03
6.047306944045943537e-03
5.541295458185291692e-03
5.071550509269212928e-03
4.636176465796603210e-03
4.245167531842316926e-03
3.872855054524366493e-03
3.538116278832822720e-03
3.233961009180393465e-03
2.960621374444173236e-03
2.713868437668286952e-03
2.488416801541186961e-03
2.289091709512520827e-03
2.102288347628160099e-03
1.932168856359385914e-03
1.782801586423430739e-03
1.640965579430774934e-03
1.513638964223079295e-03
1.391157249490285490e-03
1.277213160837960704e-03
1.171564465238022958e-03
1.071834644522998582e-03
9.784738110656760954e-04
8.913589085090500809e-04
8.103810279428892054e-04
7.371151185505955480e-04
6.678267197215138852e-04
6.065484384830888620e-04
5.498582058831480608e-04
4.978685154720742566e-04
4.500547771180471294e-04
4.066205232792070813e-04
3.656327268290940477e-04
3.277284683665967037e-04
2.930242740182745068e-04
2.612219208080600211e-04
2.313836309161101717e-04
2.046263726946874917e-04
1.799216211028888070e-04
1.576879674894373295e-04
1.376461979210992178e-04
1.198229225134681686e-04
1.037354748526208019e-04
8.925632480391123874e-05
7.649030144443075849e-05
6.492028993143891889e-05
5.474563297763750694e-05
4.578726083560977125e-05
3.809213210008239247e-05
3.163899264452039144e-05
2.609365268433319442e-05
2.132476352138298390e-05
1.718420362699312238e-05
1.379928657198621979e-05
1.120487661642208579e-05
9.064120321418760897e-06
7.316916468199151218e-06
6.040097134163280815e-06
5.096653865684155802e-06
4.354959375668860768e-06
3.943551557315799461e-06
3.550015881792607912e-06
2.872124414822270617e-06
1.389436015115496413e-06
