8.996069319552092566e+03
6.620551591906229078e+03
4.889756367527947077e+03
3.627090872145653520e+03
2.703745709931712554e+03
2.026216131366153604e+03
1.526878317453214549e+03
1.156957515903607600e+03
8.813331583951725179e+02
6.747323876006875025e+02
5.189587455784935628e+02
4.008836025358747293e+02
3.109940080169196222e+02
2.423436397313314785e+02
1.897958708686955447e+02
1.494821427687610935e+02
1.184262489692622893e+02
9.430474150234203989e+01
7.532068740033054155e+01
6.015584752736088348e+01
4.793691263591588836e+01
3.813427723544901937e+01
3.036662063792908128e+01
2.422590380830850521e+01
1.929979048001171549e+01
1.532803213414553412e+01
1.217588401775210905e+01
9.666665760144882213e+00
7.649964320945392693e+00
6.056636157607858451e+00
4.779907548355874169e+00
3.780975389360596850e+00
2.951818128237900130e+00
2.317586799214635285e+00
1.853674151982602991e+00
1.501100337369598803e+00
1.212571092344616019e+00
9.408979878146037645e-01
7.275372252768130821e-01
5.850646747344994125e-01
4.237919548184000407e-01
3.049791789155930632e-01
2.268318132361984152e-01
1.760343651756019201e-01
1.295798927672501266e-01
9.740432484253779000e-02
7.307576336937991746e-02
5.663685769463955300e-02
4.390037388620402631e-02
3.519686648288736924e-02
2.732610900905287077e-02
2.115167851512148381e-02
1.610601053198928295e-02
1.232442376247701137e-02
9.256400610137551291e-03
6.990238967621843942e-03
5.289453598606997688e-03
3.984031181146869063e-03
2.986192909368183546e-03
2.228305670753410149e-03
1.651757170518962890e-03
1.222058590572359937e-03
9.035849878163482781e-04
6.675667188098531905e-04
4.905487930449651396e-04
3.593200469278405693e-04
2.616901792175682184e-04
1.887264781008222330e-04
1.345246554997553206e-04
9.432514424300579342e-05
6.506014797853951431e-05
4.410236190320652544e-05
2.948071524862928440e-05
1.949225392990987747e-05
1.285778121952013044e-05
8.538190515203775217e-06
5.765233490345818588e-06
3.993022141538474397e-06
2.806226409879908730e-06
2.034845404784329577e-06
1.493970589917273944e-06
1.096261117359297056e-06
8.165555384154446877e-07
6.007820025504369161e-07
4.383053227688474484e-07
3.200781299321763093e-07
2.285568874100467838e-07
1.652041591107653298e-07
1.166892186015832903e-07
8.261788171088333051e-08
5.603652789578992283e-08
3.814346463005083508e-08
2.507524266377894300e-08
1.652941244350408308e-08
1.069631322615263942e-08
6.573028358684777998e-09
3.766916570009800723e-09
1.995761213261097481e-09
9.000561605512262824e-10
2.303897754054561463e-10
