5.369393617930930986e+02
4.240075356673376632e+02
3.364043605300670947e+02
2.679251653062102037e+02
2.140109235720747449e+02
1.712895027189656503e+02
1.372481130298400842e+02
1.099992351676321221e+02
8.811298696650395357e+01
7.049658423525259821e+01
5.630704600840085305e+01
4.488721544519943762e+01
3.571806360551057224e+01
2.838264759780966529e+01
2.253940425014313220e+01
1.790442734687372806e+01
1.424237694923050057e+01
1.136134376295580140e+01
9.100417406160531186e+00
7.304658992469378553e+00
5.818687458602794571e+00
4.554341352312072821e+00
3.571237544472843251e+00
2.923208808488301003e+00
2.386278541329465153e+00
1.806357467820274065e+00
1.451635933448258697e+00
1.204515012799662221e+00
9.048206008347615681e-01
7.482431705007649425e-01
5.727128445568340220e-01
4.858557957508131131e-01
3.310742679541892053e-01
2.628396676336249294e-01
2.352083926972994010e-01
2.032685113368964125e-01
1.644704825022677286e-01
1.218745247178410623e-01
9.095679255712664502e-02
7.133126406420058074e-02
5.224474213359785874e-02
3.884122543680431500e-02
2.951592874786525614e-02
2.274158827340782424e-02
1.729956081664914616e-02
1.323591101783573934e-02
1.011234948039970057e-02
7.752617722455227428e-03
5.943500117341176704e-03
4.568530170457176486e-03
3.497965354163880530e-03
2.678588527585849550e-03
2.048386301083623007e-03
1.568524854632425769e-03
1.195351340745295574e-03
9.114022000439534745e-04
6.939275846279650698e-04
5.239381767546269367e-04
3.929437799348087213e-04
2.913748364072264708e-04
2.140806229243720612e-04
1.558816404418780722e-04
1.128198989025978156e-04
8.173004533718740579e-05
5.910778343633312935e-05
4.317607265939987397e-05
3.198460900180183895e-05
2.391826197303198586e-05
1.802451106421303924e-05
1.362575345724265809e-05
1.037709967245637861e-05
7.946355007413477233e-06
6.058301084432602802e-06
4.540030174350493895e-06
3.444809427323114727e-06
2.564427567919315890e-06
1.890406990859139468e-06
1.400666745855954699e-06
1.014803607026669960e-06
7.414592448880752742e-07
5.190017251845808001e-07
3.827430190065816487e-07
2.646882288654723258e-07
1.817610201183801355e-07
1.276880790951269553e-07
8.740385504349695149e-08
6.187020374861324368e-08
4.133066003071576266e-08
2.773629086255432720e-08
1.877892708993621017e-08
1.234363208053811083e-08
7.834874728835218475e-09
5.029536518399002049e-09
3.288586819764112919e-09
1.938369411743032769e-09
1.152373263589828064e-09
6.945608313958001830e-10
3.870624023796470882e-10
1.905601315753964407e-10
7.361796356232934261e-11
