1.266280063759004904e+01
1.266452480289873250e+01
1.266655050105386771e+01
1.266887267665030059e+01
1.267143986209512008e+01
1.267411977627479835e+01
1.267664685687851289e+01
1.267854523977190517e+01
1.267902083380197276e+01
1.267681926311240481e+01
1.267005568769897650e+01
1.265604238261978409e+01
1.263117507555236685e+01
1.259098935499437744e+01
1.253054785054444764e+01
1.244531592632265671e+01
1.233252535139654071e+01
1.219258879663462913e+01
1.202944408963122847e+01
1.184834335490887725e+01
1.165092115570862852e+01
1.143135590850704730e+01
1.118068070223928423e+01
1.089901257692866743e+01
1.059767273510123964e+01
1.028088858692467333e+01
9.943344116428832535e+00
9.592070533317899717e+00
9.232497703159378233e+00
8.863627214335259907e+00
8.490204212655108051e+00
8.111947316331098889e+00
7.733552140569897482e+00
7.352253112169431226e+00
6.970020530055668573e+00
6.589893211595959421e+00
6.214112607006414102e+00
5.844678634683059038e+00
5.481805340464060095e+00
5.126840343962692614e+00
4.782926353807449793e+00
4.450062594600090904e+00
4.129132380590649909e+00
3.820916556392985886e+00
3.526402230323681497e+00
3.245859239961061071e+00
2.979652872248062856e+00
2.727895266255176754e+00
2.490889466320795886e+00
2.268802158823356230e+00
2.061918796392722797e+00
1.870224799211340549e+00
1.694592390067682253e+00
1.534974316516317216e+00
1.390718477044218249e+00
1.260114913169599005e+00
1.141515581377301469e+00
1.033395536266058068e+00
9.332017616979740859e-01
8.394376347353071921e-01
7.522162670685635932e-01
6.756387167485669032e-01
6.087827843647873882e-01
5.488611800060845258e-01
4.947645951499251571e-01
4.455036705789332530e-01
4.012406708868762051e-01
3.613635888746693503e-01
3.270132656682340766e-01
2.965796176884862856e-01
2.691398977432326034e-01
2.450024174962684986e-01
2.236804490479979424e-01
2.047966792402063363e-01
1.884490350584048790e-01
1.734133215848399634e-01
1.599808751526717865e-01
1.475895627082891848e-01
1.368369015423215873e-01
1.271062416444845022e-01
1.184494818082014594e-01
1.106402888317380151e-01
1.034774141493997324e-01
9.684883057746955515e-02
9.077722256501824516e-02
8.492391883196946656e-02
7.945740437942891421e-02
7.425342077240967842e-02
6.932450084307020810e-02
6.442051383713322255e-02
5.962986722525982081e-02
5.487530143890741174e-02
5.018212527835582554e-02
4.551128196602102077e-02
4.093555353560008464e-02
3.638444862788526440e-02
3.189120077752806426e-02
2.743060822146711070e-02
2.306291990314884160e-02
1.875484709803337466e-02
