4.842463539615893751e+03
3.603764034046319011e+03
2.696487432095445911e+03
2.029456865065939837e+03
1.536709180831183403e+03
1.170639445193511165e+03
8.969406193334983755e+02
6.908991989167772090e+02
5.347017961963034622e+02
4.154870811525479439e+02
3.239419364808463797e+02
2.532915245913588365e+02
1.985723643589287235e+02
1.561078580940519771e+02
1.231293126993125782e+02
9.750430259778833886e+01
7.754926890226148828e+01
6.191381822905320576e+01
4.952703833182200555e+01
3.958680641870849826e+01
3.155278102726385114e+01
2.509228831188986675e+01
1.996361959150097931e+01
1.590782302237636614e+01
1.265610223807897938e+01
1.003111997989512894e+01
7.954611615556035353e+00
6.308356055219435987e+00
4.977542889376401547e+00
3.939002632385601110e+00
3.099830745781209540e+00
2.460148329810252221e+00
1.893039351405844783e+00
1.483297939571175394e+00
1.211803814919774513e+00
1.007896327509909540e+00
8.270728084432708016e-01
6.334678231337860232e-01
4.839364271672920714e-01
3.910060572490077213e-01
2.771441312252146405e-01
1.974858632733870190e-01
1.470322007147097654e-01
1.146003830516568039e-01
8.507444066930110183e-02
6.443453902291831903e-02
4.878160032590005829e-02
3.774433435183487812e-02
2.919153389001762425e-02
2.310507826832424588e-02
1.783612759845296797e-02
1.372547330884857884e-02
1.043773249098626024e-02
7.956701087616993573e-03
5.984952840123372760e-03
4.515582227779618707e-03
3.409905713698685188e-03
2.565948681469093148e-03
1.924757766871004446e-03
1.438953395679435374e-03
1.071312550124726417e-03
7.958849591636625153e-04
5.908683807377986376e-04
4.373337577650809709e-04
3.211752898902581069e-04
2.341076161224992110e-04
1.686316524545321391e-04
1.198915866706106185e-04
8.384468429304756522e-05
5.767497425215014956e-05
3.921688306974560839e-05
2.644985889810633778e-05
1.782337443870601903e-05
1.208101337481002317e-05
8.330832434699022042e-06
5.878902928708321331e-06
4.227102825881348075e-06
3.087298167498430488e-06
2.275756076044112838e-06
1.692893250046826520e-06
1.256238035770568898e-06
9.354438023409375822e-07
6.924724502963806925e-07
5.080812194814004906e-07
3.647448481748714137e-07
2.657522741563468214e-07
1.892605175799309389e-07
1.333620694043681413e-07
9.307746565888453582e-08
6.430237332642719359e-08
4.403882413355566680e-08
2.993418915630451766e-08
1.920049018668699519e-08
1.243417803919077306e-08
8.172719909471475939e-09
4.815027013666121329e-09
2.918866958468531319e-09
1.502685758885913489e-09
7.056651999881089937e-10
2.234514775939788114e-10
