6.067100526382554381e+04
4.437761704862859187e+04
3.233564821294822832e+04
2.349232408273445617e+04
1.703290662774147859e+04
1.233562894979110206e+04
8.931742329910604894e+03
6.471587187423517207e+03
4.696719609811324517e+03
3.417609136630545436e+03
2.496172111719860368e+03
1.832329769014119847e+03
1.353811891739228031e+03
1.008516094950231945e+03
7.588474298405873242e+02
5.775833367614230838e+02
4.449211357970953031e+02
3.464539879252478727e+02
2.718646335109934284e+02
2.141025670726315866e+02
1.687344075981626190e+02
1.331427539148198207e+02
1.055018661325164260e+02
8.399454696759482886e+01
6.690437167966645404e+01
5.320965067009536398e+01
4.238867233683865265e+01
3.378203570926985577e+01
2.687276562308504779e+01
2.138281142056527173e+01
1.698392997751588496e+01
1.348441613488666668e+01
1.067548588370512341e+01
8.445496589833693335e+00
6.678452434932892423e+00
5.276827751979111802e+00
4.164157439807238958e+00
3.272356693010023854e+00
2.566194150515356487e+00
2.019024679769119590e+00
1.560903148350292646e+00
1.196085240846854969e+00
9.159910436267657552e-01
7.056473357453996176e-01
5.297646737042714937e-01
3.966753620203321007e-01
2.939596180199396946e-01
2.218641777152343675e-01
1.687595012511525217e-01
1.355190523672700487e-01
1.052415259802298303e-01
8.179590954872710540e-02
6.200158466318761441e-02
4.785980084749309055e-02
3.535107027737308116e-02
2.671757918513449973e-02
2.046442235849268987e-02
1.556242056422611070e-02
1.172737838063871857e-02
8.758256285832200644e-03
6.438970090496807554e-03
4.724615549508216425e-03
3.473536804969466242e-03
2.554345494220208127e-03
1.859941354467008852e-03
1.352699962851221238e-03
9.826444151390845323e-04
7.093975395743878400e-04
5.109244792026728255e-04
3.659042863214142355e-04
2.612154849691177331e-04
1.854053817852230421e-04
1.306209454258729715e-04
9.092876246863485445e-05
6.243874304300578719e-05
4.215159377204301871e-05
2.786110850045769242e-05
1.803496238008100899e-05
1.145012477673119267e-05
7.148752956137044937e-06
4.409633588020701028e-06
2.731047794501951862e-06
1.719546269980274864e-06
1.106720935768103191e-06
7.375272124640948165e-07
5.054205238511595595e-07
3.563941896443408008e-07
2.528990091695648256e-07
1.799038567534272581e-07
1.277018638635634242e-07
9.031948673969243799e-08
6.300550039315952875e-08
4.251622172717073365e-08
2.779726260024490339e-08
1.765366722728734531e-08
1.066941915600671253e-08
5.732526221666615873e-09
2.520808620540176815e-09
4.821256646163318071e-10
-7.415592431909082499e-10
