2.042165905355506402e+05
1.523431150263582822e+05
1.126605260513491667e+05
8.265064382358950388e+04
6.019446928797839064e+04
4.355315135767355241e+04
3.133056997767703069e+04
2.242691525746878688e+04
1.599010747141636602e+04
1.136954326375546407e+04
8.074720156421488355e+03
5.739861991779713208e+03
4.094711661573189758e+03
2.941090588848634980e+03
2.134547736936928231e+03
1.570339483419979388e+03
1.173009398484002077e+03
8.888917384181511352e+02
6.808646195870318252e+02
5.245787326370115125e+02
4.052534968359925642e+02
3.142669334827086232e+02
2.455978219589352136e+02
1.935096397602395371e+02
1.529042465494662508e+02
1.208638007750648597e+02
9.591852672121316914e+01
7.629368290040535783e+01
6.065164084869511640e+01
4.829876928343249176e+01
3.843046962588642401e+01
3.059364294120605621e+01
2.430343644957121541e+01
1.930295414628304940e+01
1.532303188009641559e+01
1.214644196678282206e+01
9.610747997062851766e+00
7.585936458424247242e+00
5.976384526653112594e+00
4.703335984579325668e+00
3.685422841006868566e+00
2.877928280586146137e+00
2.241418897353115725e+00
1.742928929585635167e+00
1.343815894471114936e+00
1.030785006529922887e+00
7.843242578372561224e-01
5.968046609272776859e-01
4.539190613121609763e-01
3.545620856639575269e-01
2.730980639699716050e-01
2.107260847202523935e-01
1.596269169885704553e-01
1.229894898519352797e-01
9.013790282738844140e-02
6.794033203656098252e-02
5.241742970095809862e-02
4.015249480646472524e-02
3.041465953796360783e-02
2.273691682706507552e-02
1.654332101493403637e-02
1.202025245587429701e-02
8.805881732482818969e-03
6.481997884719878714e-03
4.693708063541216988e-03
3.404830640628133624e-03
2.471895182725832724e-03
1.778262292345013937e-03
1.276854476050521929e-03
9.091245619155417443e-04
6.460028145051352260e-04
4.568195109982350097e-04
3.217952995108511703e-04
2.251662944411572523e-04
1.568652069291375721e-04
1.086470480254278102e-04
7.453661638305481864e-05
5.061101500948476473e-05
3.387268701935444828e-05
2.224064761566640970e-05
1.426647008883803791e-05
8.931031449754272427e-06
5.462771456990423165e-06
3.265022790262948626e-06
1.917092787828484217e-06
1.119692640879884310e-06
6.562105482614095086e-07
3.909661188841703256e-07
2.394636506536334154e-07
1.502191143563701271e-07
9.638265209322843496e-08
6.267551438506458792e-08
4.003502701101631149e-08
2.453753667475013377e-08
1.398660546761193478e-08
6.667233660689888597e-09
1.827905338749629104e-09
-1.279963958620063650e-09
-3.216192249546752721e-09
-4.111115310654754566e-09
