6.590422698967249304e-02
6.577354014727269937e-02
6.561016020614801603e-02
6.540640083142196248e-02
6.515305100755008905e-02
6.483923587480226736e-02
6.445236780060696613e-02
6.397826145457898017e-02
6.340151445028958943e-02
6.270627916114565603e-02
6.187755489309399587e-02
6.090308129694980283e-02
5.977576493539642211e-02
5.849626473853888203e-02
5.707487637870541780e-02
5.553130417629031229e-02
5.389070824945278032e-02
5.217539967302253778e-02
5.039465164471026992e-02
4.853985075497951884e-02
4.659421554245520708e-02
4.455705220089405116e-02
4.246050240838689788e-02
4.034907930585404645e-02
3.823932855017486004e-02
3.612703471053105297e-02
3.402292386152776932e-02
3.192726078639752940e-02
2.984729548029115345e-02
2.784795928074782628e-02
2.593774899787218771e-02
2.410187037520920839e-02
2.235530709231755078e-02
2.069848849808765892e-02
1.916298534619201646e-02
1.769572436157716006e-02
1.636313286727483080e-02
1.511442560808268047e-02
1.396808947970834894e-02
1.292397775836801217e-02
1.194930779937010239e-02
1.107083641549246392e-02
1.026520119863865224e-02
9.513299270539656016e-03
8.832324178444608820e-03
8.188678726646149084e-03
7.590252897842634898e-03
7.009411518693381762e-03
6.461554425961078471e-03
5.948073695326882779e-03
5.455049423926376650e-03
4.993809035336137757e-03
4.557838888890574681e-03
4.141585983578677417e-03
3.761540317206593740e-03
3.409758520999604282e-03
3.093127703592430614e-03
2.802427096325413487e-03
2.539313370787324962e-03
2.299424209740825835e-03
2.080183560827665330e-03
1.881041705381141047e-03
1.697498258195495558e-03
1.527070714513208529e-03
1.371457367590618506e-03
1.226698986465382278e-03
1.094432799789765015e-03
9.724483859746418934e-04
8.615974863971518011e-04
7.604212215861747047e-04
6.686994521833913461e-04
5.869652713369163163e-04
5.137594780978189555e-04
4.489660002084939453e-04
3.922306519645148495e-04
3.431253012425057179e-04
3.011623725121615261e-04
2.650576810903440290e-04
2.336054563806882968e-04
2.047956443593218609e-04
1.783687320570647447e-04
1.540167977631349411e-04
1.314372976788272349e-04
1.109990556483966563e-04
9.453480638530615805e-05
8.216006788032687426e-05
7.191090239978364896e-05
6.154102834339518914e-05
5.210267942554313306e-05
4.418553748699032436e-05
3.845318549342557088e-05
3.311022489580804445e-05
2.757516910478753863e-05
2.348606859458087032e-05
1.995209899788516426e-05
1.612693798083836001e-05
1.351781005807061231e-05
1.113426764244386771e-05
9.826609767345489949e-06
5.936041396974226197e-06
