1.734296623738366960e-01
1.729992659781443565e-01
1.724615476891845078e-01
1.717914812143445380e-01
1.709592012719565735e-01
1.699296475002361195e-01
1.686625562593977168e-01
1.671130633278640198e-01
1.652332752041487662e-01
1.629752444365746289e-01
1.602957837143449138e-01
1.571633607769561680e-01
1.535667579778592640e-01
1.495240618123804544e-01
1.450888109483129684e-01
1.403482290735947047e-01
1.354079577144414459e-01
1.303616085294330984e-01
1.252549050859605717e-01
1.200708515274781785e-01
1.147670820602016417e-01
1.093584335181620598e-01
1.039572543543717809e-01
9.867407487955665024e-02
9.348949176750256940e-02
8.837395761950947448e-02
8.345782803018070295e-02
7.877130684577826614e-02
7.424452880208697036e-02
7.002312910905685028e-02
6.599897263855052099e-02
6.219556508061453715e-02
5.858512763266942452e-02
5.523721387038482006e-02
5.215372715903029283e-02
4.926217450056619152e-02
4.652753988098329990e-02
4.391947819901719646e-02
4.142612773841281015e-02
3.903747874769659953e-02
3.670651828719546234e-02
3.442394882869007078e-02
3.217330790433515358e-02
2.996293648402231780e-02
2.780326289644326904e-02
2.569845674595168383e-02
2.365898576742874945e-02
2.173041244815909073e-02
1.989596128889148038e-02
1.820824784999957452e-02
1.663357637404298470e-02
1.520961593485098233e-02
1.389253808776914380e-02
1.270094793119720504e-02
1.160288617431236464e-02
1.059582505794200331e-02
9.665698962657169602e-03
8.807519567958570564e-03
8.010386068575634302e-03
7.280068135235805843e-03
6.603180313163641880e-03
5.982699599787052666e-03
5.408752330066129987e-03
4.884624900591753686e-03
4.397932104931044986e-03
3.950228697632904643e-03
3.534044072184950366e-03
3.148858784540999045e-03
2.791335165581013567e-03
2.464126764399275291e-03
2.162247425782018971e-03
1.890479828369968788e-03
1.645594068398413459e-03
1.431285277347266920e-03
1.246587880572250706e-03
1.093265387665751662e-03
9.682950368467412462e-04
8.660137721671931459e-04
7.776389491293249226e-04
6.939562802614724713e-04
6.125004343618212308e-04
5.347700189421135614e-04
4.609910966986443767e-04
3.908956098319851390e-04
3.349269770034135943e-04
2.979434836304676541e-04
2.677252240914085313e-04
2.298738778955186906e-04
1.965220215810029080e-04
1.678363433070931320e-04
1.474353284942861214e-04
1.264484646639932428e-04
1.061873535412221004e-04
9.166795671152196362e-05
7.828490572848578050e-05
6.419709771785833653e-05
5.400430207139906284e-05
4.364941936353582889e-05
3.631118357179376427e-05
2.409930461495536828e-05
