5.019776389092156751e+04
3.666719898259447655e+04
2.670158443201485716e+04
1.940273345702838924e+04
1.408164264394008023e+04
1.021649656625579883e+04
7.416476807442475547e+03
5.391687766720060608e+03
3.928872203991817059e+03
2.872250750949012854e+03
2.108687827603924688e+03
1.556384154817968010e+03
1.156366793711528544e+03
8.661527942131993996e+02
6.550789422038003522e+02
5.009041051078891087e+02
3.873932918629161577e+02
3.026722740773160467e+02
2.381802724461431353e+02
1.880267235840434239e+02
1.484882645361327889e+02
1.173627946842979952e+02
9.311171117859119306e+01
7.419019970158272770e+01
5.912595706457292977e+01
4.703776947567435940e+01
3.747401804552828253e+01
2.986114705301690364e+01
2.374730487124734779e+01
1.888815153826161009e+01
1.499491828960966622e+01
1.189853759464886629e+01
9.413238984841168389e+00
7.441645357258297899e+00
5.882157052274012976e+00
4.647576250201014503e+00
3.668525293883166061e+00
2.881195381777656106e+00
2.258044749458301137e+00
1.778711375460837907e+00
1.369579089124895788e+00
1.042804133980373527e+00
7.935216254601085151e-01
6.086783435569965706e-01
4.493776507343871796e-01
3.288229499281550283e-01
2.345356031735890134e-01
1.706758278869218715e-01
1.253362071807172795e-01
1.052778995834065812e-01
8.291206979842967451e-02
6.617976086925989043e-02
4.947692336431311344e-02
3.989703357236041442e-02
2.648079520229394343e-02
1.985814930818671775e-02
1.686088974674692514e-02
1.402181269766949491e-02
1.124576939757381856e-02
8.596105029155387892e-03
5.830367128725699732e-03
3.932975173108534464e-03
2.819686523096356229e-03
2.126274725537816938e-03
1.472489384856351868e-03
1.058784403559820441e-03
7.870611549736802968e-04
5.646015319983185236e-04
4.111056725199136613e-04
2.908895655588616372e-04
2.089634644257289922e-04
1.489447968360319474e-04
1.055939561996566215e-04
7.288108507541469908e-05
4.980665090655923312e-05
3.354647843385256045e-05
2.196325405409049514e-05
1.418566077533560895e-05
9.066284753073570722e-06
5.734173417748032274e-06
3.604788443620081789e-06
2.307737409523543880e-06
1.542482410883369800e-06
1.062346203036871103e-06
7.560210317961708395e-07
5.550307532121892106e-07
4.111634411398740699e-07
3.043066610382739390e-07
2.239719678034271103e-07
1.615827279580712249e-07
1.140785750838851590e-07
7.899511799223215682e-08
5.211545693194213078e-08
3.227208037229663458e-08
1.815058907500186198e-08
8.110437984528716724e-09
1.296451646317341366e-09
-3.113166270956940067e-09
-5.651949133037635264e-09
-6.960265403701288490e-09
