5.701645419912055957e+01
4.626166107518356085e+01
3.752399355844147522e+01
3.043428961912366404e+01
2.470239920049977300e+01
2.009936142788512825e+01
1.644101655122084082e+01
1.357138251569524812e+01
1.134504909163919351e+01
9.612912405166518681e+00
8.214556019310011337e+00
6.986924095568885384e+00
5.795879098362626713e+00
4.586991240372368495e+00
3.426403808347305624e+00
2.491951777350583264e+00
1.968296951059541389e+00
1.878889722774980786e+00
1.984254310327046911e+00
1.913120131621718345e+00
1.508885063599956222e+00
1.008898242997429140e+00
7.506031609297397766e-01
7.032336291738532363e-01
5.968902625318884825e-01
4.260438949494714800e-01
3.401916736716120160e-01
2.768489571050892772e-01
2.077653320736712328e-01
1.646497191465638166e-01
1.256146657100037090e-01
9.858658738631304042e-02
7.374757946423089738e-02
5.649541732406405947e-02
4.406429974361639884e-02
3.390886373359106032e-02
2.594693955139472027e-02
1.973241212708558290e-02
1.495469031678037589e-02
1.141391320119023063e-02
8.670298451102974313e-03
6.596165412387486326e-03
5.041943173355298118e-03
3.870645816172520008e-03
2.956882171918082721e-03
2.284115334059314256e-03
1.748142620819038810e-03
1.345244753688968871e-03
1.028832156340260756e-03
7.843267392447885508e-04
5.950944332914660795e-04
4.499253107919437208e-04
3.393054537021936851e-04
2.571780050486706251e-04
1.963533480461391592e-04
1.505974159007107162e-04
1.160149148475779734e-04
8.962033068502511118e-05
6.982232856303026804e-05
5.434522501343952390e-05
4.253782238831538157e-05
3.315354918598862244e-05
2.568976910652499571e-05
1.976545347322006594e-05
1.527610523324956129e-05
1.156581285200545734e-05
8.813334756026543730e-06
6.671691139275468823e-06
5.021468033593319994e-06
3.760132665954162730e-06
2.805567248027683649e-06
2.042096340352706809e-06
1.480713827606358211e-06
1.100969241751380313e-06
7.995105990599531437e-07
5.651927246306527449e-07
4.145272133930084596e-07
2.861966427944369692e-07
1.987941629110454822e-07
1.397296390947747367e-07
9.533834893913213154e-08
6.628193216757003908e-08
4.212577866460143112e-08
2.912010602438454271e-08
2.095995103339829869e-08
1.264084890753513923e-08
8.578611344890988046e-09
5.640589602785554427e-09
3.572655686773856208e-09
2.156980436748873749e-09
1.618586844885309752e-09
8.975346327785661093e-10
5.427340124970371253e-10
3.760057506386249128e-10
2.057538012467350300e-10
1.312602623062809703e-10
6.026779708720396877e-11
4.451327738964512211e-11
2.235562550831301890e-11
6.115832725830035921e-12
