3.465175935872612754e+05
2.624727604190391139e+05
1.966698903305198473e+05
1.458613434774363122e+05
1.071391825868935121e+05
7.798756298034721112e+04
5.629243953703006991e+04
4.032147091634656681e+04
2.868574746008387956e+04
2.029271122033145366e+04
1.429709143935506836e+04
1.005432179426040238e+04
7.078985065831062457e+03
5.009421936492140958e+03
3.578708263312937106e+03
2.591653946303304565e+03
1.907181606712948451e+03
1.425266006501199399e+03
1.077423129885334674e+03
8.194689869626316749e+02
6.250734330210392500e+02
4.790154310879889863e+02
3.705780163451369731e+02
2.895948533876163538e+02
2.272370960214379352e+02
1.785580013242442021e+02
1.410751905030575699e+02
1.118483988840949905e+02
8.870872134085212224e+01
7.054780168063207668e+01
5.609977435804342605e+01
4.466537395991137060e+01
3.550339380374978759e+01
2.823009668993632815e+01
2.244349690181770285e+01
1.782223351321342264e+01
1.412886752883155772e+01
1.117603859017458667e+01
8.824721809852588805e+00
6.958937723087657901e+00
5.470217269436373542e+00
4.289174218158439800e+00
3.355137261837077833e+00
2.618996111093622403e+00
2.033957932244689015e+00
1.573018365509069927e+00
1.209205209424685012e+00
9.269084263737312757e-01
7.084149687252224714e-01
5.492846981179798638e-01
4.224183883980395238e-01
3.254181495066165719e-01
2.470269666894763516e-01
1.907264158590048775e-01
1.388934312687329364e-01
1.045076773617105714e-01
8.201629534805895960e-02
6.418485416897051765e-02
4.959671593723448402e-02
3.744167464430837172e-02
2.661301618447990680e-02
1.882538734786276535e-02
1.367612363805817757e-02
1.014844243532571355e-02
7.208889317178442807e-03
5.200250010437506773e-03
3.800478375076187486e-03
2.721193104475745986e-03
1.956197129404309547e-03
1.381950582186545562e-03
9.810314412067020796e-04
6.924068089426200405e-04
4.871884690985963371e-04
3.386556337698220392e-04
2.350221730393823975e-04
1.626098538802806925e-04
1.114866236879320793e-04
7.612150967735033095e-05
5.158465216917860509e-05
3.448696206492596957e-05
2.259958655167461984e-05
1.450491815453224355e-05
9.120412811898365632e-06
5.560919779615351914e-06
3.287179437349652554e-06
1.887224122400053189e-06
1.050234485311474521e-06
5.683229847765178460e-07
3.003476539214241675e-07
1.542309244114105087e-07
7.584941154873115898e-08
3.573245400493422275e-08
1.293624190638077547e-08
4.789939693564420282e-11
-7.071934361362578211e-09
-1.146017209604410466e-08
-1.397336535604275979e-08
-1.513330811804097909e-08
-1.507082167464809626e-08
-1.461322770370311192e-08
