1.354041747411147867e+02
1.094512156064298409e+02
8.853568410594743909e+01
7.162397693618270011e+01
5.791608202975599085e+01
4.678810467035234666e+01
3.775031855542088266e+01
3.041586172101108332e+01
2.447629638172931266e+01
1.968123141118782016e+01
1.582058446098887217e+01
1.271028437057299421e+01
1.018493389736126531e+01
8.103516193519622490e+00
6.369987176038785393e+00
4.957992469050663153e+00
3.908599523855635027e+00
3.261513422180213340e+00
2.929710363745697155e+00
2.643835663749327214e+00
2.137666326686366247e+00
1.495068725136504684e+00
1.113012120141712247e+00
1.071923030932559362e+00
9.417654107970147015e-01
6.495021108482431638e-01
5.345396303696193785e-01
4.599723402742930123e-01
3.374513501667417703e-01
2.803448988315578871e-01
2.136592498835399867e-01
1.758185848919280037e-01
1.278357577167748005e-01
1.003048814825109186e-01
8.192217690052554235e-02
6.567871277270530272e-02
5.132722058251140695e-02
3.893231061226300888e-02
2.960080079673467826e-02
2.286523676742871491e-02
1.731117147739345483e-02
1.315209526675519512e-02
1.006614828712066971e-02
7.709998623106256721e-03
5.906476716464300128e-03
4.529228431360473109e-03
3.471645443174403191e-03
2.673860847531397186e-03
2.061680579984351541e-03
1.588436363892899682e-03
1.220736669075941612e-03
9.351464820618067943e-04
7.124678178777890886e-04
5.397837446382678815e-04
4.060454172858429843e-04
3.039405328223260217e-04
2.268074476406593072e-04
1.698186766205865648e-04
1.280831523073117822e-04
9.606022315256504201e-05
7.359117262157090775e-05
5.595637900455467336e-05
4.355591446428673671e-05
3.343655979375977788e-05
2.578377158781190639e-05
1.997356726156984672e-05
1.538690163334322400e-05
1.176460382130074093e-05
9.031388535767282321e-06
6.792332977310644087e-06
5.135629525228318433e-06
3.856247611793888876e-06
2.877457010840813283e-06
2.134971978300718389e-06
1.515543545148667648e-06
1.138066677213586440e-06
7.983398665939850613e-07
5.860784833570686122e-07
4.204718922893566060e-07
2.938770251763136565e-07
1.991689366145592833e-07
1.350600575229658854e-07
9.596050135303564085e-08
6.646571328172936432e-08
4.472830261104232094e-08
2.909389601670835579e-08
2.041193262503548094e-08
1.312343874805992019e-08
8.681203120023978321e-09
5.979234562007959726e-09
3.389264638878377758e-09
2.170973083581457619e-09
1.332366344943650983e-09
9.827819768558713152e-10
5.560378294046153777e-10
3.356528961142407159e-10
1.606488903255592135e-10
9.861549457255247485e-11
4.436223183436992144e-11
1.988734843073798911e-11
