2.669117391502170449e+03
2.015044345725121730e+03
1.531154873603574288e+03
1.171042904412115831e+03
9.012472992796634799e+02
6.976447890767316267e+02
5.428290222813144510e+02
4.242165859888151545e+02
3.326841201619108119e+02
2.615903734178919535e+02
2.060752956367093987e+02
1.625572073535012976e+02
1.283707971102601562e+02
1.015050310944258172e+02
8.041261722649439037e+01
6.387269634975213251e+01
5.089654667628757068e+01
4.067166560571713774e+01
3.254026349867209689e+01
2.600098749340857651e+01
2.070954620359625054e+01
1.644936282652318127e+01
1.306634177723650225e+01
1.040065260416105630e+01
8.267472969026657736e+00
6.532361789158531273e+00
5.174150924754158609e+00
4.107562997140377981e+00
3.225971910843953516e+00
2.559336708475800748e+00
2.006280934771979219e+00
1.607651050141098326e+00
1.205367016618110743e+00
9.441853066562138075e-01
7.973824997090471767e-01
6.834135359783489738e-01
5.661987557454560838e-01
4.265216927980440276e-01
3.212814909765802085e-01
2.591042104978223404e-01
1.819986709614218878e-01
1.300693000995413462e-01
9.726182610319183963e-02
7.571227475310479682e-02
5.665673749346295668e-02
4.311894426073979714e-02
3.275506974193954229e-02
2.529711172302568506e-02
1.947942026049660075e-02
1.521666270036903593e-02
1.168789686257818219e-02
8.952291815009023185e-03
6.799595835220616918e-03
5.171242519779649383e-03
3.896139659847282569e-03
2.942302586134036644e-03
2.222698758480157102e-03
1.675776040386386858e-03
1.260506341917144116e-03
9.461854820992205654e-04
7.075155879763245616e-04
5.273871792554395230e-04
3.913815237208848009e-04
2.884014772001465099e-04
2.097038350412264271e-04
1.506638835592945670e-04
1.068710940139252802e-04
7.472937122353870713e-05
5.169758525948002915e-05
3.551156965065577420e-05
2.440765272801585873e-05
1.699537270837772634e-05
1.196916050005074656e-05
8.558671455763906198e-06
6.211296526676280883e-06
4.582283737661430166e-06
3.421341084710723030e-06
2.579184043308790565e-06
1.910017067260517372e-06
1.442035037658073512e-06
1.060419217219746162e-06
7.803818680623758805e-07
5.763193636846675645e-07
4.110460036379177952e-07
2.938707621140539211e-07
2.116854493205442335e-07
1.462127039495788273e-07
1.018304407214385817e-07
7.200142797468904231e-08
4.848305676030845598e-08
3.323635748490294178e-08
2.213643518354616687e-08
1.422330169041276289e-08
9.354279693974509111e-09
5.703394368141203895e-09
3.549241276510153485e-09
2.076098181683919341e-09
1.108531386352555242e-09
5.087368009464467769e-10
1.868199684637514839e-10
