2.065950503820704220e+00
2.063814929173467316e+00
2.061141057284212597e+00
2.057800029959587551e+00
2.053636123627389676e+00
2.048463502893682175e+00
2.042064090778841212e+00
2.034187748914567884e+00
2.024556564012681914e+00
2.012875759546870480e+00
1.998854440903362839e+00
1.982239644623113195e+00
1.962866183494366368e+00
1.940721139162416176e+00
1.916013561966047885e+00
1.889225291641731141e+00
1.861099258992251704e+00
1.832507938388606927e+00
1.804164905785049733e+00
1.776239502144039140e+00
1.748118726014509683e+00
1.718686366900200602e+00
1.687174404895849689e+00
1.653713725567756310e+00
1.618431907582809970e+00
1.580336746963988404e+00
1.538720415093133287e+00
1.493852974997514460e+00
1.445113677138353037e+00
1.392963644768597797e+00
1.337341186256472580e+00
1.278979865579818576e+00
1.218415052242832530e+00
1.156472116304200881e+00
1.094226299367417443e+00
1.032531062574684855e+00
9.720959570961851259e-01
9.133537966304585698e-01
8.564240201211479331e-01
8.015559193824973727e-01
7.486904053057275021e-01
6.977990360880345078e-01
6.488399991603346351e-01
6.019020820341126621e-01
5.569816539079152085e-01
5.142302263568505616e-01
4.736835188007085251e-01
4.354056066483651399e-01
3.994184088919942033e-01
3.657805110869246090e-01
3.344654945236079091e-01
3.054482564534656275e-01
2.786999725522453231e-01
2.541912582005718124e-01
2.317926088788782313e-01
2.113496878439223570e-01
1.926803709399369235e-01
1.755851273147356340e-01
1.598178990718261971e-01
1.452009727822973495e-01
1.316579268298910532e-01
1.193193084367086404e-01
1.081052007012895111e-01
9.779875463772730315e-02
8.816278516909945018e-02
7.901412441175371948e-02
7.035479304211719742e-02
6.232226448132855562e-02
5.517118544820431153e-02
4.885848169085212078e-02
4.335679446852599983e-02
3.868721964234039801e-02
3.458409713063864688e-02
3.080903827602625433e-02
2.751359721128979891e-02
2.456942147735760237e-02
2.204637946845727434e-02
1.968289974863428327e-02
1.769086024902096627e-02
1.583702250421170632e-02
1.425332803476407270e-02
1.283197765691880717e-02
1.161674581850805944e-02
1.048081526838946960e-02
9.490679855702574899e-03
8.567171739454516877e-03
7.775477216002196421e-03
7.060818724255919082e-03
6.458903350938560543e-03
5.879743157722195322e-03
5.362927057384133875e-03
4.859565369110520512e-03
4.394413459269315946e-03
3.936743137530070158e-03
3.514225402729438934e-03
3.092811958906094283e-03
2.698801918824726611e-03
2.311049855700770140e-03
1.946207483690176382e-03
1.578407743722097349e-03
