2.953905349288240541e+05
2.226095112013265607e+05
1.660594404511761386e+05
1.226954400192318571e+05
8.984895411286546732e+04
6.525264607411021279e+04
4.703058716696657939e+04
3.366600014739257313e+04
2.395685382093653971e+04
1.696710407699526695e+04
1.197890727487073491e+04
8.449023622893577340e+03
5.971016134979758135e+03
4.243737060467582523e+03
3.045906570673285387e+03
2.216223072109604345e+03
1.638284326806315903e+03
1.229522474578225911e+03
9.332490579496083001e+02
7.127083462536031675e+02
5.458660945994550957e+02
4.199434894005629531e+02
3.259706567426262040e+02
2.554398710099263496e+02
2.009150409383124156e+02
1.582010677553147673e+02
1.251899968184842180e+02
9.937231866135850566e+01
7.888440558888777332e+01
6.276971917519872335e+01
4.993029615238081220e+01
3.975602197689001827e+01
3.159801012717737478e+01
2.511787410060900783e+01
1.996093003185598036e+01
1.584272400449365215e+01
1.255228986036333616e+01
9.922547229284619519e+00
7.829522488216611897e+00
6.170046397608436095e+00
4.845735012006004538e+00
3.795313731553074721e+00
2.965267789399605114e+00
2.312068893985113061e+00
1.792065262739296561e+00
1.382666344424724469e+00
1.059490355726468991e+00
8.097952726486973285e-01
6.172543354357754586e-01
4.794501523655225195e-01
3.687741276633703102e-01
2.843802781216585585e-01
2.155554292246514847e-01
1.667843028274419437e-01
1.206083367643581844e-01
9.066006124578300518e-02
7.154170635967047054e-02
5.626062411210207975e-02
4.361414753002284400e-02
3.295534231337621939e-02
2.330246088387889075e-02
1.639678640708159066e-02
1.189007030208428899e-02
8.832786106184322208e-03
6.254239175147021865e-03
4.507189239656934042e-03
3.297390474503094672e-03
2.359444981939374901e-03
1.696830218023794197e-03
1.197672550577739969e-03
8.504762463177241048e-04
6.005029382714012660e-04
4.228628438242692795e-04
2.940072434876066969e-04
2.041704551120717185e-04
1.413706148655591668e-04
9.690587837546872261e-05
6.609945558531511126e-05
4.468221014597847593e-05
2.972866005728391265e-05
1.933233261297433744e-05
1.228434206285565380e-05
7.638140166995926929e-06
4.600432286026026406e-06
2.688153113928091469e-06
1.531092022160359970e-06
8.501136683515050658e-07
4.631491081429909223e-07
2.496973307358241074e-07
1.326460901286764454e-07
6.864165023135152610e-08
3.480345146629099444e-08
1.435371581795479834e-08
1.998321468592882559e-09
-5.308872518550338005e-09
-1.007166767940069051e-08
-1.294988254743376308e-08
-1.441877787320161325e-08
-1.461305162518961152e-08
-1.430964238055879119e-08
