6.007736411357386969e+05
4.648111142148320214e+05
3.549709237315298524e+05
2.676898863267637789e+05
1.994222806770995958e+05
1.468268926415218739e+05
1.068885970857699867e+05
7.698209844248124864e+04
5.488966566927372332e+04
3.878592623301036656e+04
2.720188943257381106e+04
1.897827212717087241e+04
1.321567332715681550e+04
9.226722680670041882e+03
6.493300827117047447e+03
4.630379926397563395e+03
3.356890796969260009e+03
2.473124044378206690e+03
1.843340471563523352e+03
1.381478946208481602e+03
1.037503027589432804e+03
7.829641360279305218e+02
5.975154432039389576e+02
4.615896856169004536e+02
3.584772291742963262e+02
2.790767479274881566e+02
2.188589635038929089e+02
1.725001713890979147e+02
1.361672173314430836e+02
1.079328399919274375e+02
8.563273156682372189e+01
6.809676798030822908e+01
5.410223048126384526e+01
4.303255690420845525e+01
3.424515862062568061e+01
2.723357015980803908e+01
2.162936184527934103e+01
1.714537171860940390e+01
1.357038474648386028e+01
1.072790244800049209e+01
8.457627896099515041e+00
6.654062586331060736e+00
5.224105493992838412e+00
4.092736406962850459e+00
3.195550095374022348e+00
2.487234468572915524e+00
1.928156345591409471e+00
1.490166077010593115e+00
1.147990329462117653e+00
8.879114310335723959e-01
6.834731348182760957e-01
5.257480220346986144e-01
4.010660451663994874e-01
3.080400610130589190e-01
2.291766718606144115e-01
1.731077693279745588e-01
1.336407493408649505e-01
1.029758506066129897e-01
7.871108643420544893e-02
5.924162169399105338e-02
4.290025083861112587e-02
3.092505739235598336e-02
2.261947942169402828e-02
1.672877809810923919e-02
1.202436820627166177e-02
8.708514503052853378e-03
6.344933533838257103e-03
4.556263096821480153e-03
3.272962824939203673e-03
2.321158535359206868e-03
1.647461824899368451e-03
1.162423077075742809e-03
8.166596160521453476e-04
5.680381991844056077e-04
3.937368027127066336e-04
2.717630376245159228e-04
1.861827252140467340e-04
1.270896396420516622e-04
8.632880930436899458e-05
5.819937326373544797e-05
3.879965571069879051e-05
2.555790616260933753e-05
1.661532839965169632e-05
1.056975689188965693e-05
6.558309157540656505e-06
3.954811477044084510e-06
2.305704825886128851e-06
1.295522989007586437e-06
6.987057365338832041e-07
3.593296440255888732e-07
1.736040528221220795e-07
7.807315286790481434e-08
2.875744739372162407e-08
4.471387063047988439e-09
-6.797620764515104594e-09
-1.222729992387518257e-08
-1.463691312735532879e-08
-1.533558511679324964e-08
-1.475666943150312389e-08
-1.402019081020722719e-08
